0.113601 0.751598 0.649765
-0.862789 0.327484 0.385161
0.7556 -0.500599 0.422456
0.0429887 0.89603 0.441908
0.126535 -0.227701 0.965474
0.97368 -0.0753714 0.215097
0.822788 0.560535 0.093911
0.396927 0.215265 0.89225
0.27061 -0.802605 0.531597
0.73565 -0.677344 0.00495912
0.304833 -0.946215 0.108419
-0.131226 -0.276953 0.951881
0.838457 0.400305 0.369792
0.515425 -0.016619 0.856773
-0.186691 0.982053 0.0267988
0.687469 0.434102 0.582187
0.843284 -0.508228 0.174859
0.896154 -0.300277 0.326714
0.735908 -0.0315518 0.676346
0.604295 -0.243593 0.75861
-0.8842 -0.438729 0.160338
0.884617 -0.0631823 0.462018
-0.34112 0.643145 0.685567
0.494434 0.421735 0.760049
-0.754935 0.644925 0.118936
-0.213932 -0.973261 0.0836459
-0.956269 0.249773 0.152195
-0.394402 0.903575 0.167328
-0.93979 0.0626616 0.335958
-0.584051 0.761543 0.280955
-0.268504 -0.471186 0.840172
-0.15002 0.216951 0.964586
-0.709437 0.384103 0.590901
-0.510157 -0.422634 0.74908
0.135435 -0.679956 0.720637
0.162684 -0.930264 0.328851
0.274633 -0.0067626 0.961525
-0.357593 -0.888749 0.286796
0.140657 0.219259 0.965474
-0.996962 0.00103173 0.0778775
0.248711 -0.462211 0.851178
2.77556e-17 0 1
0.0112318 -0.844555 0.535351
-0.162538 0.801443 0.575562
0.931321 0.158044 0.32812
0.953304 -0.293713 0.070312
-0.504177 0.431854 0.747869
-0.400204 0.233998 0.886048
-0.706449 -0.0513512 0.705899
-0.126862 -0.69215 0.710517
-0.380637 -0.63721 0.670133
-0.742315 0.56034 0.367406
-0.818905 0.134442 0.557961
-0.00943612 -0.510551 0.859796
0.543228 -0.683452 0.487643
-0.713025 -0.303456 0.632068
0.67463 -0.690776 0.260198
-0.501905 -0.00737357 0.864892
-0.760173 -0.647039 0.0589699
0.0479125 -0.995366 0.0833765
-0.739914 -0.594096 0.315558
-0.583769 0.81186 0.00991321
-0.493118 -0.740655 0.456361
-0.835411 -0.367644 0.408567
0.936905 0.326036 0.126133
-0.856047 -0.122934 0.502067
-0.402317 0.786154 0.469152
-0.259576 -0.0218953 0.965474
-0.968666 -0.248367 9.16663e-05
0.806259 0.200802 0.55644
0.422267 -0.847451 0.32174
0.776896 -0.280146 0.56387
0.710748 0.625075 0.322674
-0.891003 0.453998 0.000262936
0.512527 0.797527 0.318224
0.337177 0.624741 0.70428
0.542222 -0.835859 0.0856409
-0.625105 0.197188 0.755222
0.544004 0.648553 0.53239
-0.568209 0.603457 0.559445
-0.0995808 -0.942758 0.318262
-0.586145 -0.781431 0.21401
-0.091252 0.63565 0.766565
0.253619 0.433956 0.8645
0.0154508 0.980743 0.194691
0.379218 -0.238213 0.894119
-0.384346 -0.240909 0.891202
0.605858 -0.476555 0.637049
-0.26224 0.454889 0.851062
0.628929 0.196119 0.75232
-0.199446 0.917943 0.342932
0.328917 0.797224 0.506209
0.427165 0.899522 0.0915941
0.647299 0.756106 0.0964769
-0.948702 -0.187124 0.25485
-0.00616196 0.428238 0.903645
-0.249622 -0.819351 0.516093
0.254261 0.923245 0.288044
0.387627 -0.613908 0.68765
-0.635533 -0.541031 0.550802
