-0.739602 -0.442 0.507568
-0.0501927 0.857946 0.511282
0.610924 0.435836 0.660923
-0.0333792 0.995729 0.0860805
-0.683515 0.259625 0.682204
-0.564126 0.450457 0.69199
-0.588375 0.798608 0.126651
-0.308489 0.225237 0.924177
-0.255954 0.760846 0.596323
-0.406717 -0.911168 0.0659908
-5.55112e-17 -2.77556e-17 1
0.349088 0.784245 0.512929
0.460719 -0.544314 0.701043
0.292972 -0.259166 0.920326
0.894067 0.273371 0.354841
0.505532 0.276003 0.817472
0.928178 0.343391 0.143418
0.357938 0.92945 0.0894613
-0.880719 -0.454915 0.131859
-0.932707 0.116623 0.341258
-0.376882 0.437164 0.816607
0.161581 0.89822 0.40877
-0.327117 -0.903585 0.276639
0.868713 -0.0637837 0.491192
-0.420768 -0.683633 0.596323
-0.472104 -0.78474 0.401622
0.76259 -0.430193 0.483106
0.538761 -0.74528 0.392803
-0.0323078 0.951179 0.306943
-0.617592 -0.628265 0.473142
-0.934243 -0.126146 0.333583
-0.0488428 -0.385933 0.921233
-0.6009 -0.797009 0.0607866
0.241678 -0.948479 0.204888
-0.0550655 0.721337 0.690392
-0.208896 -0.716498 0.665577
0.830674 0.15392 0.53506
-0.615529 0.713983 0.333696
-0.507841 0.253935 0.823174
-0.858994 -0.0107484 0.511872
0.767458 -0.235439 0.596303
0.0135818 -0.71299 0.701043
0.685753 0.225594 0.69199
0.791321 -0.601566 0.10922
0.771574 0.370597 0.517042
-0.561484 -0.148433 0.814066
0.371726 -0.928081 0.0220285
0.0843122 -0.545362 0.83395
0.153825 0.162665 0.974617
0.236493 -0.0468947 0.970501
0.638471 -0.745633 0.190753
0.29984 0.317072 0.899756
-0.0478157 -0.846497 0.530243
0.142437 0.785143 0.602712
0.722186 -0.601196 0.342068
-0.0161258 0.551922 0.83374
-0.879446 -0.344632 0.328334
0.505081 0.623952 0.596303
-0.603175 0.598769 0.52693
-0.778389 -0.545273 0.311108
0.678951 0.569012 0.463951
-0.751229 0.643962 0.144802
-0.448092 0.754968 0.478787
0.699264 0.665393 0.261307
0.452325 -0.103662 0.885808
0.205443 0.511024 0.834654
0.0240303 -0.98668 0.160886
0.608228 -0.585629 0.535815
-0.36203 -0.172638 0.91604
-0.763632 0.544681 0.346682
-0.267662 -0.833985 0.482521
0.170414 -0.805136 0.56808
-0.227022 0.954449 0.19362
-0.737269 0.417748 0.530962
0.0801158 -0.209054 0.974617
0.955616 -0.0788805 0.28386
-0.144198 -0.18808 0.971511
-0.956046 0.246571 0.158679
-0.663269 -0.316287 0.67826
-0.479234 -0.357817 0.801437
0.996727 -0.0489241 0.0643638
0.322098 -0.853909 0.40877
0.582267 0.0642752 0.810453
-0.623228 0.0654485 0.779297
0.36272 0.879163 0.30904
0.10744 -0.917412 0.383161
-0.22679 0.5982 0.768585
-0.170505 0.401677 0.899768
0.971285 0.129493 0.199591
-0.194838 -0.974792 0.108716
-0.139524 -0.562638 0.814845
-0.422224 0.622353 0.659093
0.631011 -0.401567 0.663754
0.401602 -0.717319 0.569359
-0.73168 -0.101652 0.674026
-0.872969 0.347728 0.342068
0.625776 -0.173966 0.760356
0.295565 -0.467015 0.833389
0.449966 -0.86461 0.223563
-0.824066 -0.233296 0.516226
0.819422 0.481414 0.311108
0.303441 0.655162 0.691871
-0.111556 -0.936097 0.333583
-0.641312 -0.718873 0.268218
-0.95915 -0.243996 0.143169
0.162179 0.967432 0.194351
-0.247777 0.879984 0.405258
-0.0898214 0.205071 0.974617
0.902293 -0.430939 0.0125866
-0.222685 0.0230994 0.974617
-0.987806 0.00132794 0.155685
-0.404906 0.912259 0.0619264
0.858701 -0.444148 0.255665
-0.761037 -0.641929 0.0935415
-0.434524 0.0400734 0.899768
0.0633473 0.363967 0.929255
-0.357199 -0.542678 0.760204
0.388063 0.11031 0.915008
0.41926 0.478949 0.771251
0.743336 -0.00490487 0.6689
0.476447 -0.334196 0.813211
0.698791 0.714131 0.0413282
0.834671 0.542532 0.0947787
0.882488 -0.264183 0.38913
-0.432783 0.857349 0.278661
-0.554523 -0.512334 0.655758
0.545446 0.815475 0.19362
0.951624 -0.264552 0.156282
-0.877385 0.457279 0.14523
0.244055 -0.652942 0.71701
-0.829227 0.212533 0.516926
-0.271158 -0.376586 0.885808
0.541077 0.737123 0.404827
