-0.396104 0.911687 0.10922
0.697843 -0.711474 0.0825793
-0.173429 0.555255 0.813397
-0.443612 -0.734923 0.512929
-2.77556e-17 0 1
-0.80103 0.507768 0.317052
0.39558 0.383235 0.834654
-0.276361 0.692021 0.666882
-0.0197883 -0.397081 0.91757
-0.338896 -0.867586 0.363928
-0.594352 -0.801625 0.0643638
0.931739 0.23283 0.278661
-0.106322 -0.197022 0.974617
-0.572959 0.102009 0.813211
-0.856751 -0.0675911 0.511282
0.561955 -0.654979 0.505182
0.04358 0.988501 0.144802
-0.734095 0.0200182 0.678752
0.169946 0.727958 0.664226
0.365305 -0.712784 0.598742
-0.132742 0.201265 0.970501
0.76211 -0.352627 0.542995
0.811307 0.0234967 0.584148
0.732228 0.410323 0.543579
-0.4845 0.631035 0.60585
-0.71025 -0.67249 0.208093
-0.965482 0.217429 0.143418
0.180341 0.397387 0.899756
0.0579939 -0.580441 0.812235
-0.389088 0.507826 0.768585
-0.664441 0.567843 0.485873
-0.989794 -0.00656634 0.142352
-0.665329 0.686166 0.294131
0.511031 0.735953 0.444096
-0.215093 -0.811331 0.543579
-0.771484 0.371918 0.516226
-0.74399 -0.222264 0.630141
-0.485938 0.822485 0.295605
-0.165912 -0.555429 0.814845
0.732867 -0.537344 0.417333
-0.0559565 0.93852 0.34066
-0.493552 0.312859 0.811496
-0.431725 -0.0502458 0.900605
0.865403 -0.164964 0.473142
0.80559 -0.555919 0.204888
-0.938431 -0.142015 0.314926
0.52785 0.201077 0.825192
0.204292 -0.398615 0.894075
0.640731 -0.706525 0.300478
0.092519 0.203868 0.974617
-0.237115 -0.971034 0.0294925
-0.265731 0.365389 0.89212
-0.223828 -0.00477555 0.974617
0.118827 -0.205054 0.971511
0.223806 -0.00571534 0.974617
0.386246 0.680048 0.623176
-0.120074 -0.920803 0.371086
-0.845078 -0.524203 0.105144
0.151838 -0.727243 0.669375
0.584855 0.387671 0.7125
0.0205693 -0.847146 0.530962
0.677518 0.734936 0.0289528
-0.411231 -0.898631 0.152811
-0.708382 -0.450952 0.542989
0.713654 0.208016 0.6689
-0.907271 -0.349774 0.233491
0.338095 -0.192409 0.921233
-0.0722515 -0.718934 0.691313
0.272833 0.563933 0.779449
-0.935936 0.0815797 0.342591
0.0506754 0.578557 0.814066
0.509936 -0.841882 0.176634
-0.539365 -0.786637 0.300478
-0.442706 -0.270594 0.854863
0.309668 -0.918522 0.24581
-0.374179 0.788412 0.488258
0.98302 -0.178785 0.0413282
0.0675821 0.857151 0.510612
-0.790091 -0.509215 0.341258
-0.599635 0.446366 0.664226
0.405218 0.865847 0.293439
0.844689 0.22368 0.486279
-0.0571697 -0.984737 0.164394
-0.691185 0.241194 0.68124
0.289069 0.826809 0.482521
-0.939375 -0.342727 0.0105873
0.777167 0.602521 0.181605
-0.891102 0.302348 0.338412
-0.534022 -0.564537 0.62938
0.60927 -0.3561 0.708507
-0.606184 -0.132582 0.784196
0.418001 -0.379912 0.825192
0.698812 0.597802 0.392803
0.917511 -0.3779 0.12396
0.617086 0.747572 0.245643
-0.844027 -0.300663 0.444096
0.168566 0.931166 0.323288
-0.0545931 0.728481 0.682888
-0.312699 -0.661979 0.681178
0.485568 -0.542964 0.685138
0.278834 0.951786 0.127886
0.279386 -0.57194 0.771251
-0.77582 0.621518 0.108716
0.921055 0.0359839 0.387766
0.836509 0.426132 0.344476
-0.602226 0.791372 0.105144
-0.833999 0.155846 0.529299
0.948282 -0.176351 0.263935
0.973803 0.219957 0.0576834
0.579086 0.571112 0.581799
0.443411 -0.807443 0.38913
-0.394431 -0.479021 0.784196
-0.0444271 0.400983 0.915008
0.500796 0.86093 0.0894613
0.435852 0.00947641 0.899969
0.64325 0.0170067 0.765467
0.313083 0.196122 0.929255
-0.593459 -0.365654 0.71701
0.863649 -0.369785 0.342591
0.984774 0.0260361 0.171879
-0.15709 0.841422 0.517042
0.0986758 -0.941805 0.32135
0.238032 -0.848841 0.472028
0.725995 -0.167928 0.666882
-0.277962 0.905247 0.32135
0.156709 -0.983205 0.0935415
0.540191 -0.174866 0.823174
-0.362413 0.16347 0.91757
-0.632973 -0.636781 0.440289
-0.180852 0.974838 0.130319
-0.241596 -0.361307 0.900605
0.898324 0.420309 0.127886
-0.893704 0.430359 0.126827
0.365658 -0.930332 0.0278833
