-0.761093 -0.627871 0.162835
0.643046 0.208001 0.737039
-0.788448 -0.106281 0.60585
-0.824984 0.545848 0.146463
-0.81748 -0.464853 0.340056
0 0 1
-0.221785 -0.0305482 0.974617
-0.370961 -0.614904 0.695903
-0.22314 0.374898 0.899811
-0.618493 -0.100809 0.779297
0.947901 0.30661 0.0864541
0.357469 -0.75985 0.542995
-0.218318 0.697807 0.682204
0.146199 -0.836672 0.527832
-0.939727 0.13317 0.314926
0.0493454 0.998539 0.0220285
-0.143518 0.921725 0.360314
0.726064 -0.534735 0.432307
-0.886816 -0.444429 0.126651
0.907293 -0.208801 0.364997
-0.672336 0.683682 0.283802
-0.971008 -0.231982 0.0576834
0.810354 -0.118509 0.573831
0.323576 -0.290189 0.900605
-0.337203 0.157308 0.928196
-0.91118 -0.0919233 0.401622
0.853562 0.489742 0.17772
0.653011 0.553501 0.516926
0.805584 0.443432 0.39294
0.977179 -0.0727005 0.199591
0.220542 -0.677384 0.701792
-0.829741 -0.287459 0.478431
-0.157848 -0.947921 0.276639
0.738691 0.34036 0.581799
-0.212455 -0.75566 0.619549
0.211024 -0.965424 0.153054
0.525101 -0.172426 0.833389
0.141141 0.815243 0.561656
0.958227 0.147119 0.245269
-0.712971 0.0859686 0.695903
0.55269 0.725093 0.410821
-0.478039 -0.877938 0.02651
-0.332408 -0.440889 0.83374
-0.119097 0.189573 0.974617
0.351738 -0.0690819 0.933546
0.424311 0.859874 0.28386
-0.699006 0.71243 0.0619264
-0.389941 -0.890746 0.233491
0.94874 -0.286322 0.133838
0.995154 0.0937986 0.0294925
0.791347 -0.334301 0.511872
0.241169 0.361592 0.900605
0.220425 0.902624 0.369705
-0.42756 0.6744 0.601978
0.871097 -0.486658 0.0659908
-0.298609 0.820022 0.488258
-0.615096 0.616756 0.491192
0.553774 -0.6522 0.517658
0.603554 0.77796 0.174644
-0.850682 0.0914943 0.517658
0.00551373 -0.738687 0.674026
-0.290652 -0.853599 0.432307
-0.625982 0.292026 0.723096
0.67637 -0.0370481 0.73563
-0.909081 0.351556 0.223563
-0.286676 -0.241043 0.927208
0.791137 0.104118 0.602712
-0.596733 -0.779438 0.190753
-0.927175 0.374629 0.000165797
-0.161935 -0.605174 0.779449
-0.486312 -0.2764 0.828917
-0.347821 0.898376 0.268218
-0.00904551 -0.993474 0.1137
-0.70993 0.424903 0.561656
0.483858 -0.797531 0.360314
0.279463 -0.892182 0.354841
0.133178 0.545354 0.827558
0.85983 -0.417347 0.294131
-0.118047 -0.41987 0.899875
0.720083 0.627773 0.295605
0.445873 0.892944 0.0620323
-0.704617 -0.466074 0.53506
0.733838 -0.679242 0.0105873
-0.0681663 -0.213249 0.974617
-0.0837882 0.827048 0.555851
0.0184263 0.70143 0.7125
0.269252 -0.49564 0.825739
0.462311 0.301325 0.83395
0.372055 0.500974 0.781409
-0.537834 0.825403 0.171594
0.106089 0.197147 0.974617
-0.98025 -0.0506928 0.191157
-0.538191 0.117058 0.834654
-0.497486 -0.773373 0.39294
-0.435503 0.337179 0.834654
0.627222 -0.467166 0.623176
0.0629144 -0.944787 0.321588
0.35724 0.785602 0.505182
0.425697 -0.584929 0.690392
-0.430643 -0.0699027 0.899811
0.323475 0.154452 0.933546
-0.675578 -0.637094 0.371086
0.102307 -0.377535 0.920326
-0.354602 0.933894 0.0458249
0.0444959 0.968433 0.245269
-0.251225 -0.965223 0.0723164
0.514756 0.065083 0.854863
0.423361 -0.890921 0.164394
-0.848802 0.300967 0.434688
0.753687 0.654417 0.0607866
0.870271 0.23168 0.434688
0.676476 -0.257676 0.689916
-0.92143 -0.276567 0.272905
-0.678785 -0.290823 0.674294
-0.333361 0.530296 0.779523
-0.113845 0.556379 0.823093
0.487781 -0.38854 0.781733
-0.547119 -0.625851 0.555851
0.612938 -0.769885 0.17772
0.908695 0.0103458 0.417333
0.000709114 0.38901 0.921233
-0.0724925 -0.871018 0.485873
-0.534804 0.494541 0.685138
0.762629 -0.607469 0.222214
0.468022 0.627878 0.621872
-0.495607 0.777257 0.387615
-0.782967 0.504498 0.363928
-0.155735 0.977488 0.142352
-0.534662 -0.460602 0.708507
0.570393 0.440329 0.693371
0.0578014 -0.573016 0.817503
0.249602 0.956215 0.152811
0.151819 -0.164539 0.974617
0.258886 0.674012 0.691871
-0.979116 0.178282 0.0977164
