-0.242215 -0.315037 0.917651
0.137488 -0.518274 0.844091
0.00184057 -0.218907 0.975744
-0.341396 0.624974 0.702038
0.927839 -0.329913 0.173989
0.340359 -0.547582 0.764401
0.367194 -0.702042 0.610168
0.0121076 -0.895583 0.44473
0.558452 0.815083 0.154176
0.94863 0.309543 0.0654586
0.0320957 0.216219 0.975817
-0.570678 -0.748916 0.336826
0.545347 -0.835291 0.0699033
0.0181463 -0.999629 0.0203208
0.604925 0.0445224 0.795037
0.836183 -0.402993 0.372015
0.228667 0.520331 0.82278
0.374571 -0.204138 0.904447
-0.825003 -0.543898 0.153447
0.990009 0.0967591 0.102562
-0.704293 0.149154 0.694064
-0.768637 -0.403773 0.49615
0.868497 0.162123 0.468432
0.701118 -0.698496 0.143308
0.190878 -0.106521 0.975817
-0.182382 0.341413 0.922049
0.551321 -0.672645 0.493553
-0.414395 0.834682 0.362743
-0.684442 -0.713032 0.152067
-0.529049 0.506303 0.681003
-0.0142521 -0.777681 0.628497
-0.418551 -0.398468 0.816111
-0.489938 0.677493 0.548602
0.750322 0.122498 0.649623
-0.312661 0.935869 0.162456
0.948116 0.016034 0.317521
-0.362373 0.0183294 0.931853
0.982029 -0.118502 0.146888
-0.598788 0.714839 0.361191
-0.173256 -0.927656 0.330812
-0.686557 0.70934 0.159616
-0.440923 -0.576039 0.688307
-0.54289 0.0972828 0.83415
-0.805845 0.39536 0.440799
0.40416 0.615991 0.676172
0.700017 -0.485437 0.523763
0.934839 0.230389 0.270179
0.427474 0.430521 0.794932
0.560845 -0.773518 0.295167
0.857904 0.509869 0.0635171
-0.208479 0.911482 0.354594
-0.810843 -0.0171062 0.585014
0.834878 0.370594 0.406986
0.568142 -0.176662 0.803745
-0.586243 -0.265532 0.765383
0.796225 0.540195 0.272424
0.031162 0.611552 0.79059
-0.832115 0.192002 0.520307
-0.0498119 -0.420891 0.905742
0.536185 0.672821 0.509723
0.532966 -0.52979 0.65975
0.419115 0.0111991 0.907864
-0.940696 -0.322926 0.103975
0.645689 0.693269 0.3201
-0.177024 0.128232 0.975817
0.702188 0.533828 0.471125
0.463891 0.812648 0.352715
-0.298243 0.785127 0.542795
0.363743 0.916729 0.165226
-0.138667 0.709494 0.690934
0.728865 -0.0945142 0.678103
-5.55112e-17 1.38778e-17 1
-0.870679 -0.388254 0.301954
0.860489 -0.0543194 0.506565
-0.231952 -0.514475 0.825538
0.725999 0.677851 0.115947
-0.370152 0.440326 0.817986
0.201498 0.701028 0.684074
-0.242536 -0.684965 0.687021
-0.309815 -0.937458 0.158704
0.0215276 -0.970944 0.238338
-0.893833 0.447993 0.0191104
-0.923591 0.209495 0.321079
0.800516 -0.263518 0.538269
0.215803 0.324033 0.921103
-0.871112 -0.217352 0.440367
-0.42006 -0.189217 0.887551
0.46932 -0.373101 0.800334
-0.6157 -0.448908 0.647607
0.829163 -0.525825 0.189727
0.209834 -0.969851 0.123929
0.581874 0.48917 0.649719
-0.378371 -0.853359 0.358627
-0.510077 -0.847033 0.149521
0.0206657 0.424223 0.905322
-0.882392 0.40763 0.234994
0.342413 0.774414 0.532011
-0.9563 -0.156548 0.246946
0.591087 0.271508 0.759539
-0.758373 0.570856 0.314634
0.210395 -0.917501 0.337529
-0.918913 0.00222667 0.394454
0.706099 -0.616933 0.347589
0.388539 -0.817858 0.424435
-0.693004 0.357913 0.625814
-0.20154 -0.82726 0.524426
0.729329 0.334896 0.596593
0.198414 -0.821275 0.53492
-0.992973 -0.113208 0.0344782
-0.0456327 -0.622582 0.781223
-0.543472 0.310414 0.779924
-0.0928351 0.979233 0.180233
0.260637 0.89644 0.358419
-0.749019 -0.225151 0.623119
-0.665432 -0.0614876 0.743922
-0.962009 0.254597 0.0985838
-0.401167 -0.737059 0.543884
0.132283 0.839154 0.527562
-0.373392 0.235249 0.89735
0.410571 0.229484 0.882479
-0.662917 0.546905 0.511307
-0.18906 -0.109715 0.975817
0.915294 -0.198953 0.350221
-0.733137 -0.579735 0.355553
0.026209 0.932875 0.359245
-0.982323 0.0513211 0.18002
0.151448 0.971447 0.182629
0.650194 -0.338896 0.679998
-0.0875326 0.845872 0.526155
-0.587293 -0.623164 0.516481
0.170147 -0.686814 0.706637
-0.173417 0.538391 0.824658
0.393316 -0.893213 0.217881
0.23136 0.109451 0.966692
0.19017 -0.321735 0.927535
-0.511927 0.842877 0.165801
