1.11022e-16 -5.55112e-17 1
0.118488 -0.409563 0.904555
0.251639 -0.0869154 0.963911
0.403362 0.745903 0.530027
0.526174 -0.849488 0.03886
-0.499932 -0.853312 0.148074
0.21306 -0.572798 0.791523
0.0803231 -0.717269 0.692151
-0.34914 -0.636944 0.687316
-0.841946 -0.409677 0.351128
0.530947 0.215413 0.819569
-0.714997 -0.148143 0.683251
-0.0835704 -0.977196 0.195203
-0.5719 -0.751382 0.329172
0.762486 -0.30795 0.569019
0.495392 -0.827004 0.265801
0.790165 0.297739 0.535715
0.495334 -0.330075 0.803551
-0.844153 0.158986 0.511986
-0.137607 0.634578 0.76051
-0.587849 0.252147 0.768672
0.890745 -0.422147 0.168419
0.135915 -0.973909 0.181738
-0.918387 0.234031 0.319053
0.451533 -0.129652 0.882784
0.433046 0.446983 0.782737
0.182101 -0.827394 0.53128
0.344053 0.923379 0.170288
-0.845885 -0.0601934 0.529958
0.192551 0.781414 0.593562
-0.226236 -0.517568 0.825192
-0.213305 0.0477678 0.975817
0.270025 0.871828 0.40866
0.854546 -0.358508 0.375797
0.801468 -0.595347 0.0566746
0.118469 0.328304 0.937114
0.142434 0.957377 0.251282
-0.543184 -0.546064 0.637781
-0.00121423 0.996004 0.089298
-0.729057 -0.597606 0.333681
-0.38413 -0.0789507 0.919897
-2.19859e-05 0.499512 0.866307
-0.16189 0.864892 0.475135
0.913456 0.240127 0.328537
-0.980261 -0.111555 0.163227
-0.836937 -0.52443 0.156556
0.409658 -0.785415 0.464008
0.866202 0.0964385 0.4903
0.0517284 -0.924072 0.378702
-0.299336 -0.936444 0.182948
0.531544 0.842369 0.0887403
-0.353753 0.573839 0.738626
0.966699 -0.250045 0.0545008
0.608828 -0.446673 0.6556
-0.272455 0.25412 0.928004
0.692495 0.494506 0.525276
-0.269989 0.737926 0.618523
0.0682203 -0.20767 0.975817
0.97536 0.181162 0.125912
0.318596 -0.69624 0.643232
0.655719 -0.199909 0.728059
-0.813971 0.396016 0.424997
-0.913812 -0.201832 0.352436
0.33139 0.289629 0.89794
0.99493 -0.0355618 0.0940726
0.466685 0.823336 0.322991
-0.806536 0.585654 0.0806797
0.592033 0.672508 0.444107
0.721865 -0.502806 0.475496
0.389565 0.0784584 0.917651
-0.726224 0.316448 0.610294
0.771643 -0.574233 0.27354
-0.146883 -0.161884 0.975817
0.318799 0.63732 0.701563
0.824103 0.438895 0.358086
-0.309375 -0.292054 0.904981
-0.712295 -0.475784 0.51601
-0.46758 -0.715272 0.51938
-0.35698 0.929481 0.0929019
-0.401707 0.79625 0.452347
0.617703 -0.686807 0.383064
0.703031 0.168543 0.690899
-0.571293 0.454261 0.683573
-0.684544 -0.714628 0.143898
-0.0624884 0.209466 0.975817
0.421392 -0.526645 0.738291
-0.447809 0.128609 0.884832
0.346613 -0.927664 0.138922
-0.378776 -0.848989 0.368438
-0.878957 0.424738 0.216868
0.953227 0.0255694 0.301171
-0.632876 -0.35206 0.689581
-0.803417 -0.275963 0.527603
-0.93819 0.0166316 0.34572
0.618738 0.371666 0.692118
-0.288743 0.908876 0.300952
0.907692 0.387402 0.161294
-0.670641 0.540948 0.507559
0.873467 -0.133278 0.468287
-0.0735405 0.953411 0.292573
-0.544565 0.838403 0.0230275
-0.264136 -0.793804 0.54782
-0.664504 0.727609 0.170354
-0.492699 0.64527 0.583844
0.267359 -0.900752 0.342294
-0.0456468 -0.83191 0.553029
-0.0324799 0.776419 0.629379
-0.428177 -0.437607 0.790673
0.945005 -0.191253 0.265306
-0.138639 -0.699012 0.701543
-0.753566 0.580851 0.307816
-0.09691 -0.36971 0.924079
0.104793 0.653608 0.749543
-0.982666 0.107996 0.150681
-0.418667 0.381415 0.82416
-0.215667 0.456462 0.863209
-0.488723 0.837836 0.243271
-0.507828 -0.236129 0.828465
0.79623 0.575136 0.187712
0.225856 0.493714 0.839783
0.769212 -0.0344214 0.638065
0.0561584 0.887447 0.457475
0.181845 0.121298 0.975817
0.663623 -0.730236 0.162361
-0.721914 0.087032 0.686488
0.711456 0.702115 0.029423
-0.591824 0.707111 0.386961
0.522277 -0.63133 0.573279
-0.930405 -0.325696 0.168131
0.644731 0.726563 0.237548
-0.582172 -0.0297683 0.812521
-0.011955 -0.567036 0.823606
0.5182 0.579355 0.62914
-0.167418 -0.907151 0.386067
0.604546 0.00270879 0.796566
0.304641 -0.292475 0.90645
0.203445 0.979029 0.0106062
