0.703972 -0.329555 0.62914
0.91892 -0.0311839 0.393209
0.723978 -0.0678474 0.686479
-0.180247 -0.132726 0.974625
-0.83961 -0.528776 0.124304
-0.703935 0.53583 0.466221
-0.906646 0.211959 0.364783
0.948774 0.15283 0.276532
0.989487 0.130877 0.0615293
-0.40871 0.782862 0.469131
0.0373198 0.997726 0.0561274
0.390677 0.0955009 0.91556
0.569714 0.587491 0.5747
0.116068 0.376787 0.918999
-0.675049 -0.735301 0.0603427
0.767528 0.291313 0.570997
0.0952948 -0.624977 0.774805
0.400304 -0.856792 0.325061
0.360291 0.875146 0.32297
-0.827403 0.120657 0.548495
0.684333 0.14668 0.714264
0.2072 -0.0696365 0.975817
-0.555245 -0.136628 0.820388
-0.471949 0.848064 0.240939
-0.147178 -0.34784 0.92593
0.96146 -0.255296 0.10207
0.66678 -0.522852 0.531065
-0.346245 -0.257444 0.902129
0.463576 0.750159 0.47155
-0.931984 -0.330386 0.149169
-0.721798 -0.0081985 0.692055
0.409839 0.905971 0.106059
0.419911 -0.340745 0.84117
-0.509401 -0.349043 0.786562
-0.641584 -0.433817 0.632592
-0.714709 -0.649699 0.259001
0.727956 -0.598798 0.333947
0.256527 -0.487802 0.834411
-0.266963 -0.644911 0.716115
0.00309829 0.573546 0.819167
0.856055 0.514541 0.0491757
0.211631 0.959733 0.184728
-0.928245 -0.00678369 0.371908
0.221631 0.538124 0.813205
-0.144047 0.973409 0.178114
-0.567321 0.0829595 0.819307
-0.933297 0.317378 0.168009
0.136655 -0.777512 0.613841
-0.64289 0.752976 0.140424
-0.59267 0.716029 0.368842
-0.705817 -0.544176 0.453536
0.153509 0.907771 0.390367
0.738603 0.484087 0.469176
-0.75087 0.605794 0.263075
0.490935 -0.641109 0.589884
-0.0654511 0.923729 0.377414
-0.0242278 0.217242 0.975817
-0.06931 -0.732942 0.676751
0.829488 -0.179301 0.528962
-0.101787 0.716997 0.689604
0.92496 0.341699 0.166409
-0.841511 0.420455 0.339229
-0.775661 0.338787 0.532516
0.612069 0.400267 0.682025
0.0710391 -0.994649 0.0750162
-0.197028 0.827824 0.52525
0.406095 -0.130578 0.904454
0.0278487 0.831948 0.554154
-0.318718 0.691798 0.647946
-0.38481 -0.0418477 0.922047
-0.532002 0.629115 0.566735
-0.200864 0.0862246 0.975817
0.644302 0.662579 0.38192
0.565628 -0.00194083 0.824658
0.252163 -0.948655 0.190967
0.549476 0.800515 0.239275
0.810836 -0.381299 0.444022
-0.842176 -0.432491 0.322012
-0.27985 0.899824 0.334665
0.0227153 -0.217405 0.975817
-0.110993 0.407106 0.906612
0.863421 -0.443825 0.239838
-0.907167 -0.225079 0.355512
-0.569274 -0.711488 0.411961
-0.219138 -0.814136 0.537737
0.716038 0.678719 0.163189
-0.50429 -0.8635 0.00769024
0.322263 0.303652 0.896628
0.196374 -0.896477 0.397197
0.542772 -0.459708 0.702899
-0.834896 -0.116828 0.537866
0.865352 0.329362 0.377739
0.560519 -0.725608 0.399139
0.133062 0.703374 0.698254
-0.977189 -0.116998 0.177239
0.184825 0.1491 0.971395
-0.412595 -0.71351 0.566276
-0.218442 0.564104 0.796285
0.01749 -0.958308 0.285201
0.368161 0.644604 0.670033
-0.463738 -0.545244 0.698324
-0.542062 -0.811562 0.218027
-0.352319 -0.917539 0.184375
-0.0139619 -0.873934 0.485844
-0.104062 -0.549544 0.828959
0.893495 -0.448533 0.0220329
-0.793293 -0.331095 0.510944
0.261708 0.795988 0.545812
-0.146053 -0.979366 0.139681
0.918229 -0.237465 0.316963
0.0586356 -0.422333 0.904542
-0.689439 0.214226 0.69194
-0.433228 0.524414 0.73301
0.337125 -0.783138 0.522534
-0.340988 0.935969 0.0876818
0.298567 -0.653266 0.695774
-0.390181 -0.836289 0.3852
0.782669 -0.610512 0.121262
-0.325522 0.384308 0.863911
0.227533 -0.284068 0.931415
0.424411 0.459702 0.780096
-0.309273 -0.462258 0.831064
0.589536 -0.215617 0.778432
0.588455 0.808203 0.0229708
0.467803 -0.877182 0.108224
-0.521358 0.312748 0.793961
-0.189975 -0.918635 0.346438
-0.976914 0.102693 0.187331
-0.61942 0.444119 0.647362
-0.786626 0.615691 0.0463051
0.816795 0.51218 0.265552
-0.387877 0.177351 0.904488
0.630223 -0.752233 0.192261
0.981653 -0.0519862 0.183453
0 2.30393e-18 1
0.520241 0.251991 0.815996
0.825546 0.0795386 0.558701
-0.698042 -0.226462 0.679303
