0.0194519 0.504472 0.863209
0.0993754 0.816788 0.568315
-0.165312 0.654112 0.738112
-0.689231 -0.139384 0.711008
0.307323 -0.928071 0.210324
0.65555 -0.735132 0.17273
-0.112639 -0.976967 0.181239
0.0876658 0.922529 0.375838
0.269789 0.929159 0.252741
0.614904 0.692184 0.377855
0.49909 -0.862371 0.0850027
0.942758 0.150323 0.297675
0.623455 -0.68112 0.383901
0.893959 -0.409624 0.181783
-0.554651 0.463136 0.691279
0.716817 0.169406 0.676368
0.969973 -0.228957 0.0820477
0.858326 0.509034 0.0645068
-0.526278 0.829682 0.186171
0.774461 -0.574594 0.264674
-0.828309 0.361638 0.427928
0.117518 -0.939833 0.320784
-0.274032 0.85714 0.436138
0.687999 -0.203559 0.696579
-0.152805 -0.156306 0.975817
0.422496 -0.0418176 0.9054
-0.786961 -0.614478 0.0557719
0.71597 -0.38812 0.580302
-0.325124 0.726434 0.605465
-0.574122 0.228282 0.786302
0.226473 0.973126 0.0416577
-0.724584 -0.480275 0.494281
0.790043 -0.0278607 0.612418
-0.516752 -0.219467 0.827527
0.45374 0.720172 0.524854
0.186842 0.369774 0.910141
-0.630559 -0.350524 0.69248
-0.28177 -0.95859 0.0413576
-0.773078 -0.573334 0.271365
-0.237141 0.269889 0.933233
-0.559248 -0.546688 0.623197
0.744973 0.519552 0.418427
-0.452306 -0.71583 0.531983
0.927902 0.330524 0.172485
-0.089436 -0.915931 0.391244
0.39557 0.369408 0.84087
-0.21138 0.0556719 0.975817
-0.242003 -0.485894 0.839846
-0.915654 0.350831 0.196202
0.925877 -0.227851 0.301388
0.986954 0.141795 0.0762578
-0.804826 0.523075 0.28044
0.795941 -0.60349 0.0477192
-0.855885 -0.383948 0.346474
0.0667383 -0.208151 0.975817
-0.285884 -0.840464 0.460316
-0.32456 0.917293 0.230726
0.14422 0.16426 0.975817
-0.831568 0.16676 0.529798
-0.0850675 -0.360227 0.928978
0.0532092 0.678331 0.732827
0.0473369 0.984526 0.168725
-0.477607 0.784369 0.395799
0.551157 -0.416227 0.723174
0.911718 -0.0366789 0.409177
-0.409578 0.365528 0.835844
-0.784953 -0.277403 0.553982
0.451192 -0.731704 0.510916
-0.825146 -0.0506 0.562649
-0.402935 0.91488 0.025257
-0.364433 0.560151 0.743922
0.513088 -0.226614 0.827881
0.223574 0.55662 0.800118
-0.310505 -0.915693 0.255133
-0.561077 -0.00405806 0.827754
-0.926445 0.177953 0.33171
0.426179 0.554726 0.714599
0.860876 0.336261 0.381866
-0.480246 -0.86839 0.123542
0.752755 0.619494 0.222681
-0.105463 -0.806714 0.581456
0.00218358 -0.541709 0.840563
0.296634 -0.858223 0.418881
-0.688768 0.503414 0.521702
0.313762 -0.232372 0.920628
-0.0211641 0.307155 0.951424
-0.644634 -0.737518 0.201281
-0.119725 0.944465 0.306026
0.356671 0.167576 0.919078
0.731949 0.68125 0.012197
0.591774 -0.569361 0.570642
-0.853512 0.516868 0.0660647
0.737091 0.361398 0.571041
0.850827 0.152807 0.502736
0.833439 -0.216683 0.508357
-0.706601 0.31496 0.633652
-0.152682 -0.658506 0.736925
-0.981078 0.151702 0.120305
0.359075 -0.427416 0.829687
-0.706747 0.690275 0.155014
-0.364571 -0.609938 0.703608
0.101612 -0.848088 0.520022
0.608275 0.77585 0.167507
0.261764 -0.737555 0.622489
0.154649 -0.396808 0.90478
0.431491 0.895691 0.107489
-0.313657 -0.288345 0.904697
0.596114 0.560266 0.575109
-0.484818 -0.807938 0.334943
0.456347 0.831646 0.316405
0.4107 -0.592089 0.693366
0.273094 0.709338 0.649815
-0.377276 -0.0786016 0.922759
0.827448 -0.402764 0.391294
-0.889218 -0.436912 0.135644
-0.997491 -0.0596781 0.0380794
0.214057 -0.044279 0.975817
5.55112e-17 4.16334e-17 1
0.0564958 -0.714026 0.697836
0.575615 0.393389 0.716876
-0.967228 -0.0232495 0.252842
-0.410116 0.137819 0.90156
-0.655905 0.658404 0.369178
-0.44656 -0.424079 0.787871
-0.198157 0.473011 0.858484
0.615568 -0.011293 0.788003
-0.952942 -0.234234 0.192449
0.210711 -0.583321 0.784435
-0.164814 0.981831 0.0940434
0.979488 -0.0417858 0.197122
-0.900727 -0.174817 0.397654
0.479066 -0.824653 0.300739
0.547122 0.197818 0.813342
0.285758 0.843562 0.454692
-0.713322 0.0840815 0.695774
-0.523354 0.643603 0.558458
0.0942751 -0.98969 0.107819
-0.119632 0.803434 0.583251
-0.628079 -0.660025 0.412169
