-0.259815 0.332933 0.90645
-0.197394 -0.0938963 0.975817
-0.0276788 0.216829 0.975817
0.380893 0.840576 0.385165
0.333843 -0.831527 0.443973
-0.668247 -0.707005 0.231495
-0.108134 -0.293214 0.949912
-0.234548 -0.450044 0.861654
-0.625878 -0.337851 0.702946
-0.964369 -0.192379 0.18161
0.829043 -0.54098 0.141525
0.329848 0.427595 0.841643
-0.882555 0.152346 0.444845
-0.308278 -0.844833 0.437289
-0.543635 -0.833172 0.101419
-0.764944 -0.544595 0.343915
0.519003 -0.167806 0.838139
0.249794 -0.732112 0.633731
0.664426 0.387191 0.639234
0.2007 -0.0866045 0.975817
-0.904487 0.395178 0.160427
0.693849 -0.674487 0.25227
-0.212284 0.861182 0.461845
-0.711135 0.54517 0.443933
0.723869 -0.419845 0.547489
-0.0960505 -0.865856 0.490986
0.175153 0.131829 0.975675
0.288838 0.641461 0.710704
-0.196992 -0.976966 0.0820456
-0.116335 -0.616079 0.779046
-0.950794 0.195572 0.240294
0.170962 0.913914 0.368149
-0.523371 -0.190879 0.830451
-0.447084 0.388794 0.805577
0.308966 0.930298 0.197702
0.647276 -0.287827 0.705826
0.636639 -0.611648 0.469656
-0.0712288 0.609582 0.789517
0.527683 -0.768857 0.361122
-0.780429 -0.251684 0.572351
-0.88708 -0.384691 0.25515
-0.617665 0.2665 0.739911
-0.133951 0.757316 0.639163
-0.119139 0.984539 0.128408
0.824654 0.253111 0.505847
-0.930006 -0.365326 0.0403284
0.124587 -0.619417 0.775113
0.788702 -0.502446 0.354254
0.711596 0.176312 0.680107
-0.217961 -0.745971 0.629301
0.929555 -0.36409 0.058019
-0.50226 -0.791367 0.34853
-0.422644 0.816207 0.393926
0.412985 -0.910609 0.0152922
0.856896 -0.303011 0.41703
0.325487 -0.255461 0.910383
-0.453096 0.571867 0.683865
0.94594 -0.228384 0.230301
0.610427 0.577155 0.542468
-0.282067 0.92276 0.262586
-0.226736 0.123841 0.966051
0.925239 0.124764 0.358282
0.00794404 -0.467896 0.883748
0.396154 -0.00389196 0.918176
-0.810014 0.586018 0.0214447
-0.99493 0.00958685 0.100113
0.980378 -0.0137976 0.196646
0.133797 0.541197 0.830183
0.912523 -0.0910247 0.398769
0.967312 0.201538 0.153916
0.50886 0.838672 0.194141
0.568732 0.726204 0.386226
0.469226 -0.378223 0.797981
0.145307 0.344332 0.927535
-0.789469 0.565173 0.239411
0.555865 -0.51696 0.650973
-0.422355 0.186054 0.88713
0.571855 -0.810084 0.129401
0.987658 -0.154187 0.0275196
0.236324 0.803321 0.546651
0.768516 0.457522 0.447276
-0.581789 0.0548094 0.811491
-0.896327 -0.211132 0.389899
-0.168237 -0.939966 0.296918
-0.70885 -0.456699 0.537548
0.394705 -0.888681 0.233354
-0.353153 0.933961 0.0547706
0.360893 -0.572405 0.73628
0.517906 0.325372 0.791142
0.192488 -0.931573 0.308417
-0.636445 0.705082 0.312726
-0.816915 -0.561705 0.130908
-0.274564 0.527095 0.804229
0.111671 -0.28624 0.951628
-0.631064 0.455356 0.62802
0.12331 -0.85554 0.502837
-0.609824 -0.640414 0.466889
0.21676 -0.971731 0.0935589
0.830326 0.0390379 0.55591
-0.843537 -0.0443057 0.53524
-0.949285 -0.0115528 0.314205
0.0169262 -0.982385 0.186098
-0.976438 0.214603 0.022703
0.474723 0.523987 0.70716
0.889514 0.336192 0.309419
-0.669103 0.736738 0.0975584
0.682287 -0.0473023 0.729553
-0.537651 -0.53914 0.648274
-0.501152 0.844152 0.190404
0.000227325 -0.755483 0.655169
-0.338774 -0.592712 0.730701
-0.0526435 0.941271 0.333523
-0.691305 -0.109255 0.714255
0.792282 -0.175699 0.58431
-0.441289 -0.4102 0.798122
-0.399448 -0.0307259 0.916241
0.0238967 0.85372 0.520183
0.909524 0.404977 0.0935946
-0.369089 -0.904238 0.214771
-0.541536 0.66986 0.507963
-0.34549 0.735156 0.583251
-0.739888 0.0995766 0.665319
0.811212 0.531181 0.244503
0.0860737 0.722846 0.685628
0.557354 0.111341 0.822775
0.0963319 0.980335 0.17223
-0.0589606 0.422484 0.90445
0.453854 -0.690757 0.562914
-0.847041 0.374802 0.376888
-0.703887 -0.710164 0.0145027
0.79512 0.605257 0.0380573
0.722278 -0.691265 0.0216022
0.231106 -0.448467 0.863405
0.682235 0.703464 0.199234
-0.768588 0.294627 0.567863
-0.328792 -0.257003 0.90876
0.433647 0.706967 0.558701
-0.424595 -0.70804 0.564268
0.366802 0.213689 0.905424
2.77556e-17 5.55112e-17 1
