-0.196923 -0.0948797 0.975817
-0.554463 -0.263217 0.789486
-0.232393 -0.352055 0.90667
0.682944 -0.336697 0.648245
-0.674401 -0.369802 0.639086
-0.816316 -0.251142 0.52015
-0.808433 0.183985 0.559094
-0.603708 0.734702 0.309435
0.246482 0.958562 0.142849
-0.170528 0.984949 0.0282144
0.134215 -0.568455 0.811693
-0.395439 0.617022 0.680376
-0.885184 0.420268 0.19956
-0.284157 -0.850242 0.443107
0.0468951 0.99716 0.0589374
-0.770083 -0.635552 0.0551877
0.312355 -0.784478 0.53575
0.730475 0.682795 0.0140408
-0.395708 -0.612799 0.684027
-0.086136 0.805969 0.585657
0.440902 0.157436 0.88364
-0.00444829 0.543136 0.839633
-0.294526 -0.955429 0.0202596
0.0121661 0.908482 0.417747
-0.224813 -0.547469 0.806063
0.349161 -0.434238 0.830376
-0.874317 -0.352402 0.333741
0.915552 -0.217855 0.338088
-0.301797 0.773456 0.557391
0.670048 -0.12994 0.730856
-0.699973 0.0676281 0.71096
-0.181111 0.124473 0.975554
0.806599 -0.175248 0.564522
-0.279816 -0.930031 0.238215
0.963448 -0.249151 0.0984424
0.152269 -0.156829 0.975817
0.899268 -0.0220286 0.436843
-0.742789 0.393178 0.541918
0.944851 0.140475 0.295844
-0.76332 0.597354 0.24599
0.851147 0.516659 0.0927995
-0.320695 0.279136 0.905117
0.312177 -0.00807343 0.94999
0.715699 0.242582 0.654927
0.31777 -0.894732 0.31381
-0.301343 0.932908 0.197167
-0.675476 0.731208 0.0952183
-0.783034 -0.563793 0.26267
0.13926 -0.88488 0.444516
-0.959173 -0.223932 0.172749
-0.990378 0.138384 0.00107483
0.884182 -0.406697 0.229827
0.350922 0.36327 0.863069
0.925528 0.329934 0.185854
-0.460579 -0.727779 0.508138
0.0180057 0.217846 0.975817
0.488506 -0.658154 0.572883
0.546954 0.316552 0.775007
-0.381643 -0.190546 0.904456
0.310872 -0.945191 0.0998657
-0.747131 -0.47793 0.461929
-0.228631 -0.744206 0.627603
0.165051 0.819675 0.548535
-0.414915 0.836153 0.358739
0.157657 -0.368443 0.916184
0.110901 -0.993584 0.022177
0.808978 -0.367901 0.458479
0.417364 0.873157 0.251803
0.659989 -0.525155 0.53724
-0.460756 -0.830289 0.313568
-0.0407426 -0.458905 0.887551
0.066106 0.703915 0.707201
-0.481825 -0.870722 0.0984234
-0.372803 0.0279879 0.927488
0.530298 -0.285838 0.798173
0.489349 -0.780093 0.389864
-0.511414 0.175352 0.841253
-0.678724 0.581625 0.448381
-0.870565 0.304888 0.386213
0.821276 0.480471 0.307657
0.614362 0.47063 0.633298
-0.637539 -0.74628 0.191338
0.584674 0.801003 0.128649
0.142583 -0.732595 0.665563
0.210378 0.564895 0.797894
-0.831721 0.554183 0.0335039
-5.55112e-17 2.77556e-17 1
-0.585014 -0.562981 0.583791
-0.123667 0.375937 0.918356
-0.955458 0.211957 0.205362
0.223098 0.907654 0.355516
0.122336 -0.963114 0.239678
-0.580251 0.505333 0.638708
-0.502883 0.699866 0.507243
-0.206461 0.893195 0.399469
0.324784 -0.619603 0.714568
0.771626 0.390504 0.502096
0.492095 -0.851342 0.181821
0.312467 0.692251 0.650502
-0.0772294 -0.92402 0.374463
0.851748 0.186066 0.4898
0.716127 0.658243 0.232117
-0.918574 0.0902747 0.384802
0.560287 0.745894 0.360168
0.427566 0.525327 0.735676
-0.893965 -0.429279 0.128632
-0.920459 -0.130947 0.368251
0.621121 0.0874347 0.778822
-0.649139 0.281551 0.706645
0.988653 0.126651 0.0807716
-0.0815128 -0.983782 0.159777
-0.836567 -0.0337845 0.546821
0.376714 0.798751 0.46913
-0.555251 -0.0471252 0.830346
0.50136 -0.0773127 0.861778
-0.0870727 0.969035 0.231064
0.895047 -0.445762 0.013675
0.645364 -0.762879 0.0390103
0.137415 0.39051 0.910285
0.235678 0.19811 0.951424
0.681402 0.582293 0.443426
-0.474966 0.38626 0.790703
0.649987 -0.71628 0.253889
0.348983 -0.228766 0.908778
-0.0322818 -0.822838 0.567358
0.776874 0.0329622 0.628793
-0.0449894 -0.253595 0.966264
-0.169919 0.65841 0.733228
0.789926 -0.598975 0.131323
0.509786 0.650757 0.562701
-0.637088 -0.662163 0.394537
-0.501067 0.851599 0.153982
0.761585 -0.549413 0.343705
0.422978 0.905856 0.0226956
-0.284619 0.491567 0.823015
-0.712194 -0.150492 0.685661
0.521365 -0.48385 0.702899
-0.980347 -0.00639879 0.197175
-0.0547173 -0.670275 0.740093
-0.411025 -0.429271 0.804229
0.977634 -0.0560382 0.202711
