0.125636 -0.325628 0.937114
0.463713 -0.506046 0.727246
0.368225 -0.214856 0.90457
-0.0984963 0.605973 0.789364
0.625165 -0.523451 0.578936
0.602983 -0.676588 0.422658
0.223736 -0.891631 0.39362
-0.338633 -0.93613 0.0948042
-0.956035 -0.292043 0.026596
0.371555 0.221299 0.90165
-0.36584 -0.780493 0.506943
0.848559 0.0835308 0.522465
0.935718 -0.350879 0.0362661
0.481505 0.536069 0.693385
-0.959945 0.279618 0.017848
0.688194 -0.178068 0.703336
-0.680625 -0.591729 0.431979
-0.411765 0.109264 0.904716
-0.511858 -0.447238 0.733471
0.9685 0.215505 0.124761
-0.240615 0.967884 0.0728285
-0.809088 -0.523523 0.267021
0.537662 -0.0913595 0.838196
0.145413 0.333237 0.931562
0.730253 -0.63665 0.247806
-0.301466 0.809703 0.503488
-0.540735 -0.752153 0.376658
-0.273893 0.47621 0.835588
0.259163 -0.774851 0.576577
-0.0704549 -0.419831 0.904864
-0.295324 0.648951 0.701174
0.926586 0.169538 0.335702
-0.285285 0.916067 0.281839
6.93889e-18 2.77556e-17 1
-0.466694 0.679035 0.566664
0.0118269 -0.935153 0.354048
-0.62115 0.667561 0.41053
-0.135539 -0.990314 0.0301298
-0.883871 0.446558 0.139132
-0.127497 -0.598885 0.790621
-0.207855 0.0676542 0.975817
-0.612161 0.34803 0.710024
0.586081 0.641526 0.494927
-0.656787 -0.754076 0.000207319
0.868832 -0.440771 0.225505
0.661441 0.458216 0.593746
0.67289 -0.737493 0.0576387
-0.117282 0.898656 0.422684
-0.540943 -0.0634689 0.838661
-0.767282 0.581449 0.270546
0.903038 0.421366 0.0835066
0.830131 -0.139425 0.539854
-0.252419 -0.297353 0.920796
0.280918 0.615191 0.736631
-0.596141 0.143755 0.789905
0.306313 -0.419822 0.854355
0.645244 0.705549 0.29302
0.765326 -0.494546 0.411947
-0.0281367 0.999581 0.00678811
0.718573 0.0395589 0.694325
-0.818794 -0.378257 0.431853
-0.525076 -0.836682 0.155753
0.677129 0.731823 0.0770131
0.182073 0.120956 0.975817
0.793575 0.576599 0.19435
0.513056 0.840228 0.175472
-0.125277 0.767842 0.628271
0.345942 0.937447 0.038959
-0.976605 -0.128628 0.172329
0.0812107 0.702432 0.707103
0.929347 -0.0482643 0.366039
0.362818 0.00363544 0.931853
-0.678112 -0.438559 0.589771
0.987241 -0.000889076 0.159231
0.113145 -0.524429 0.843903
-0.751208 0.656897 0.064597
-0.0726348 0.420358 0.904446
0.395596 0.714312 0.577289
0.0627752 -0.695749 0.715537
-0.177073 -0.953734 0.242974
0.161917 -0.967043 0.196498
-0.85 0.39377 0.349921
-0.754506 0.155018 0.637723
0.954903 -0.213185 0.206672
-0.99327 0.0741906 0.088945
0.516418 0.339712 0.786071
-0.63805 -0.267487 0.722041
-0.0578824 -0.210786 0.975817
-0.45111 0.881153 0.141664
0.748191 -0.341437 0.568885
-0.312082 -0.48259 0.818359
0.295491 -0.9551 0.0216688
-0.912742 -0.331662 0.238544
0.749016 0.525471 0.403554
-0.173102 -0.873162 0.455657
-0.371831 -0.875489 0.308644
-0.683023 -0.697013 0.218293
0.323474 0.427988 0.843914
-0.758728 0.35495 0.546207
0.467302 0.795445 0.385869
-0.790933 -0.212593 0.573786
0.809854 0.309151 0.498561
-0.623799 0.525593 0.57847
-0.94418 0.233567 0.232316
0.370522 -0.902034 0.221469
-0.946953 0.0318105 0.319795
-0.711702 -0.0513304 0.700603
0.818075 -0.572307 0.056722
0.562059 -0.791594 0.239724
-0.437943 0.318075 0.840853
0.0500354 -0.835926 0.546557
-0.619272 0.756712 0.209497
0.875696 0.380105 0.297786
0.425503 -0.80598 0.411513
-0.904603 -0.172298 0.38988
0.276535 -0.621353 0.733109
-0.240236 0.28017 0.929404
-0.799388 -0.597787 0.060245
-0.0768485 0.972572 0.21954
0.321294 0.911727 0.255977
-0.45774 -0.267302 0.847953
-0.345507 -0.0984915 0.933233
-0.873539 0.196932 0.445138
-0.133728 -0.757761 0.638682
0.266548 0.847479 0.459055
-0.035149 0.215744 0.975817
0.688957 0.256848 0.677767
-0.462291 0.508112 0.726711
0.18446 -0.117283 0.975817
-0.519806 -0.62127 0.586366
0.10147 0.934072 0.342365
-0.851284 -0.00689821 0.524661
0.151676 0.979427 0.133109
0.870811 -0.296907 0.391834
0.0612023 0.841025 0.537523
-0.323289 -0.655309 0.682682
0.453839 -0.672828 0.584236
0.107173 0.530044 0.84117
0.495862 -0.867279 0.0441341
0.559677 0.126613 0.818982
0.53177 -0.306405 0.789517
-0.464103 0.81133 0.35546
