0.0503275 -0.369155 0.928004
-0.125281 -0.699998 0.70307
0.186096 -0.564949 0.803866
0.812943 0.111762 0.571518
-0.121558 0.987822 0.0971148
-0.921576 -0.384022 0.0567784
-0.496469 0.856304 0.142344
0.289847 0.957073 0.000134509
-0.162706 -0.83165 0.530928
-0.361911 -0.822821 0.438162
-0.640429 -0.513515 0.571097
-0.339564 0.940489 0.0132727
-0.890332 0.0615394 0.451134
-0.437662 0.827097 0.352651
-0.971064 0.216819 0.100124
-0.776831 0.582579 0.239029
0.586411 -0.454266 0.670645
-0.609044 0.0551282 0.791218
-0.895389 0.406237 0.182345
-0.902556 -0.335118 0.270349
0.417035 -0.876066 0.242053
-0.621196 0.7336 0.275583
0.823685 -0.440136 0.357523
0.0837661 0.980892 0.175598
0.209661 -0.823684 0.526865
-0.520509 0.416258 0.74552
0.338208 0.259775 0.904507
-0.251342 0.240403 0.937568
-0.539233 0.585036 0.605773
0.308119 -0.68202 0.663258
0.65741 -0.215753 0.721985
-0.362272 -0.902439 0.233158
0.862741 0.407816 0.298938
-0.661007 0.251516 0.706972
0.67704 0.236416 0.69694
-0.462871 -0.549071 0.695896
-0.0840725 -0.201774 0.975817
0.784976 0.325353 0.527217
0.445655 -0.894861 0.0248123
0.886373 0.45918 0.0591328
0.347899 -0.176354 0.920796
0.733804 0.519592 0.437672
-0.733771 -0.316656 0.601091
0.640088 0.690787 0.336304
-0.92467 -0.133954 0.356429
0.293545 0.930655 0.218433
-0.298977 -0.173996 0.938263
0.36281 0.0428305 0.930878
0.452398 0.54641 0.704821
0.871066 -0.477021 0.117029
-0.815421 0.427586 0.390203
-0.969616 0.0471546 0.240044
-0.164182 -0.979177 0.119399
0.751111 -0.613626 0.243507
-0.674492 0.735655 0.0622266
-0.531795 -0.840645 0.102518
-0.818993 -0.573647 0.0133628
-0.818484 0.574059 0.0232549
0.950763 0.270313 0.151592
0.132399 0.349185 0.927653
0.484973 0.831839 0.269899
0.214806 -0.91957 0.329013
-5.55112e-17 -5.55112e-17 1
0.873949 -0.236764 0.424449
0.295508 0.464034 0.835073
-0.0312489 -0.550573 0.834202
-0.168061 -0.927761 0.333191
0.412143 -0.79439 0.446187
-0.350242 0.602928 0.716804
-0.812593 0.253643 0.524745
0.484626 -0.313522 0.816603
0.90061 0.207657 0.381813
-0.24067 0.863387 0.443442
0.906517 -0.0192832 0.421728
0.256623 -0.959427 0.116813
0.395312 -0.507855 0.765383
-0.324421 0.425845 0.844634
-0.167078 -0.392514 0.904443
0.485644 0.872501 0.0537699
0.687282 0.0186832 0.726151
0.931003 -0.291784 0.219307
-0.378544 -0.36657 0.849901
-0.824775 -0.122552 0.552022
-0.78984 -0.439655 0.427617
0.324709 0.847608 0.419674
0.223326 0.644152 0.73157
0.0544366 -0.998437 0.0126576
-0.0864575 0.946614 0.31056
0.682054 -0.54065 0.492443
-0.113751 0.408934 0.905446
-0.974844 -0.174677 0.138444
0.135017 -0.171905 0.975817
0.0240033 -0.899386 0.436497
-0.216967 0.026578 0.975817
-0.814737 -0.532536 0.229366
-0.392237 0.738321 0.548664
0.763093 -0.645755 0.0262742
-0.676017 -0.142894 0.722899
-0.999614 0.0121014 0.0250154
-0.766426 0.071104 0.638385
-0.692026 0.428862 0.58067
0.747233 -0.34473 0.568158
0.374382 0.71625 0.588918
0.952344 -0.305024 0.00082321
-0.143458 0.594491 0.791201
0.608772 -0.776478 0.162723
0.567588 0.626796 0.533826
0.119016 0.916136 0.382793
-0.682456 -0.625219 0.378623
-0.0364281 0.850917 0.524036
0.0636201 0.538807 0.840024
-0.35323 -0.935401 0.0159085
-0.538858 -0.781589 0.314246
0.502941 0.350149 0.790219
-0.568496 -0.361098 0.739203
0.652405 0.747623 0.12421
-0.517821 -0.685975 0.511175
-0.191654 0.745314 0.638573
-0.264145 -0.553284 0.790003
0.535858 0.136979 0.833122
-0.677587 0.592995 0.435008
-0.0360913 0.215588 0.975817
0.169636 0.137857 0.975817
0.172596 0.802017 0.571822
-0.498964 -0.182567 0.847174
0.988105 -0.113812 0.103414
0.53113 -0.0826595 0.843249
0.600479 -0.706891 0.373805
0.633274 0.442774 0.634756
0.266194 -0.377693 0.886842
-0.463894 0.228672 0.855869
0.996225 0.0859941 0.0118864
0.0171544 0.7139 0.700037
0.0262254 -0.973008 0.229275
-0.913763 0.24139 0.326754
0.971112 0.065631 0.229419
-0.289242 0.929927 0.2271
-0.424945 0.0162659 0.905073
-0.330107 -0.70874 0.623472
0.799631 -0.112369 0.589884
-0.688804 -0.703914 0.173361
0.505804 -0.642895 0.575193
0.0925134 -0.723719 0.683865
0.782354 0.588754 0.203204
