0.721924 -0.520744 0.455688
0.88838 0.325256 0.324021
-0.258693 -0.879548 0.39934
0.838215 -0.45637 0.298533
0.00806697 0.767498 0.641001
-0.512354 0.737311 0.440301
-0.364394 0.738936 0.566737
0.436198 -0.686767 0.581448
0.954146 0.256564 0.154207
0.40662 0.91353 0.0110943
0.645751 0.746 0.162754
-0.867482 0.472844 0.154574
-0.0709283 -0.989618 0.125
-0.645083 0.599082 0.474309
-0.623603 0.771206 0.127914
-0.309239 -0.179326 0.933924
0.125533 -0.990692 0.0526367
-0.837487 0.263259 0.478864
0.51533 0.804707 0.294757
0.594516 -0.667678 0.448059
-0.505193 0.611404 0.609069
-0.246423 -0.948618 0.198494
-0.319731 0.159147 0.934047
0.762659 0.39157 0.514805
0.19444 0.787287 0.585125
0.706691 -0.698606 0.111969
0.97204 -0.182124 0.148222
-0.465014 0.46807 0.751447
-0.175661 0.710906 0.680996
-0.498437 0.824788 0.266994
0.827639 -0.546815 0.126519
-0.999917 -0.0126867 0.00207334
-0.283024 0.958283 0.0398937
0.380013 0.731985 0.565498
0.385145 -0.38491 0.838754
0.153888 0.66489 0.730917
0.454961 -0.205365 0.866507
-0.107807 -0.160935 0.98106
-0.979621 -0.0904738 0.179325
-0.0120009 0.313692 0.949449
-0.757419 0.633307 0.158868
-0.70434 -0.510262 0.493496
0.886996 0.0302041 0.460789
-0.563915 -0.762592 0.316943
0.267074 -0.946799 0.179564
-0.719423 0.289531 0.631349
-0.900066 -0.195052 0.389661
0.475967 0.136373 0.868826
-0.775239 -0.20869 0.596199
0.180148 0.333283 0.925456
-0.141616 0.974757 0.172609
-0.533486 -0.372313 0.759457
-0.794958 0.11369 0.595916
-0.662447 0.13425 0.736981
-0.679525 -0.374586 0.630817
0.62154 0.440482 0.647814
0.419674 -0.551792 0.720694
0.540944 0.704398 0.459568
0.779069 0.604266 0.167075
-0.938295 0.00144011 0.345833
-0.0957692 -0.751486 0.652761
0.637307 0.120557 0.761122
-0.647845 0.697442 0.306385
-0.383272 -0.9215 0.062781
-0.856194 -0.0519205 0.514038
-0.725512 -0.0437759 0.686815
0.194236 -0.0113137 0.98089
-0.913305 -0.401368 0.0691198
0.701399 -0.056124 0.710555
0.225008 0.97319 0.047681
0.0931159 0.500029 0.860988
-0.42333 -0.786676 0.449369
0.105969 0.16215 0.98106
0.0827822 -0.80274 0.590555
-0.936273 -0.276509 0.216645
-0.0934203 -0.943251 0.31867
0.882667 0.439499 0.166551
-0.539095 -0.831115 0.136472
0.375533 0.904303 0.203004
0.759817 -0.214528 0.613723
-0.98212 0.102927 0.157629
-0.866438 0.378969 0.325065
0.269832 -0.799349 0.536873
0.78391 0.0914245 0.614107
-0.851554 -0.432795 0.29588
0.815796 -0.350306 0.460177
0.692061 -0.396672 0.603078
0.276677 -0.187459 0.942501
-0.206944 0.317529 0.925391
0.551316 -0.0395404 0.833359
-0.0988432 0.471719 0.876191
-0.353816 0.843943 0.403205
0.731179 -0.618562 0.287679
0.007153 -0.345879 0.938252
-0.57894 -0.658564 0.480751
0.251135 -0.523859 0.813943
0.0842563 -0.672558 0.735232
-0.751956 0.437509 0.493101
-0.0131251 0.876742 0.480782
0.84795 0.219646 0.482428
-0.740309 -0.591136 0.320157
0.272583 -0.674474 0.686137
-0.621367 0.457591 0.636014
0.987942 0.0341068 0.151018
-0.504872 0.148405 0.850341
-0.406031 0.315915 0.857517
0.558627 -0.823879 0.0956987
0.384961 0.308413 0.869877
0.594061 -0.756076 0.274663
0.190235 0.95244 0.238052
0.286273 -0.886474 0.36361
-0.227201 -0.00739829 0.97382
0.0864268 -0.173357 0.98106
-0.566274 -0.532861 0.628803
-0.267762 -0.779626 0.566116
0.380152 -0.0235859 0.924623
-0.411495 -0.0110953 0.911345
-0.340669 0.612792 0.713043
0.871355 -0.163789 0.462508
-0.819841 -0.553521 0.146546
-0.118048 0.15358 0.98106
0.199004 -0.362988 0.910295
0.10151 -0.90033 0.423204
0.0438229 0.992264 0.116157
-0.267795 -0.649938 0.711243
-0.579498 -0.0277412 0.814501
0.00383697 0.953119 0.30257
0.948474 -0.0737401 0.308155
0.79438 0.494536 0.352696
-0.195791 0.827398 0.526383
0.0613342 -0.513652 0.855804
-0.180307 0.917486 0.354554
-0.32594 0.918119 0.225436
-0.943414 0.293637 0.154098
0.0835519 -0.966875 0.241187
0 3.46945e-18 1
-0.411383 -0.523303 0.746269
-0.684665 -0.707655 0.174526
0.910787 -0.27515 0.307832
-0.768226 0.54682 0.332891
0.359248 0.840617 0.405345
-0.811742 -0.350046 0.467486
-0.48543 -0.193834 0.852517
-0.4078 -0.870815 0.274553
0.663308 0.558137 0.498504
0.708391 0.266401 0.653616
0.555509 0.296461 0.776866
-0.092821 -0.610309 0.786706
0.434826 -0.868164 0.239202
-0.240937 -0.493854 0.835498
-0.974885 -0.22007 0.0341926
0.296524 0.1512 0.942981
-0.457924 0.884789 0.0863307
0.171785 0.890365 0.421593
0.916621 -0.374276 0.140438
0.509886 0.59729 0.619081
-0.0306167 0.626044 0.779187
-0.641354 -0.211813 0.737428
-0.075514 -0.865038 0.495992
-0.92713 0.194099 0.320555
0.547016 -0.405083 0.732586
0.461274 0.465398 0.755401
0.447131 -0.791063 0.417485
0.682758 0.652252 0.329255
-0.573921 0.306106 0.759549
0.575107 -0.552244 0.603556
0.941103 0.138553 0.308428
-0.186405 -0.330056 0.925373
-0.429708 -0.67018 0.605153
0.340447 0.612168 0.713685
-0.369082 -0.349622 0.861129
-0.288894 0.469602 0.834274
0.614422 -0.224069 0.756491
0.28384 0.471055 0.83519
