-0.518657 -0.792462 0.320934
-0.48196 -0.114663 0.868658
-0.386938 -0.787914 0.479031
-0.693585 0.679367 0.239584
-0.00874734 0.846389 0.532493
0.76602 0.436049 0.472308
0.519459 -0.141996 0.842615
-0.319396 -0.205629 0.925042
-0.104727 -0.683036 0.722838
-0.146301 0.628593 0.76385
-0.0237393 -0.908096 0.418088
-0.319203 0.370516 0.872254
0.647462 0.287656 0.705724
0.00779461 0.19355 0.98106
0.836267 -0.314031 0.44949
-0.433765 0.482025 0.761249
-0.47981 -0.865358 0.144702
-0.655741 0.00143947 0.754984
-0.668867 0.612259 0.421612
0.02375 -0.970494 0.239952
0.0895943 0.99379 0.0659834
-0.163652 -0.94368 0.287553
0.328379 0.69139 0.643542
0.189217 -0.471953 0.861079
0.015882 0.379743 0.924956
-0.28136 -0.604442 0.74531
0.186463 0.287169 0.939556
0.76339 -0.223952 0.605873
0.878842 -0.389681 0.275291
0.22955 -0.624222 0.746762
0.509655 -0.849693 0.135178
0.522973 -0.790018 0.319955
-0.700143 0.71251 0.0461492
0.588697 -0.58083 0.562203
-0.208706 -0.863525 0.459094
0.623998 -0.28091 0.729189
-0.0718907 0.982118 0.173999
-0.67375 0.478613 0.563019
-0.854793 -0.518586 0.0199106
0.651811 -0.649573 0.391405
-0.159333 0.286453 0.944753
-0.796457 0.521595 0.305932
-0.907175 -0.390468 0.156741
0.0196762 0.553646 0.832519
0.475729 -0.72546 0.497384
0.878644 -0.46754 0.0969126
0.345657 0.176647 0.921584
-0.592966 -0.376896 0.711576
0.865236 0.478911 0.148359
0.368163 -0.493883 0.787741
-0.939886 -0.095684 0.32781
0.93879 -0.204523 0.277206
0.886739 0.0685888 0.457153
-0.965712 0.214191 0.146704
2.77556e-17 -2.77556e-17 1
-0.225707 0.932372 0.282381
0.648549 0.0992843 0.75467
-0.137016 -0.518792 0.843849
-0.768867 0.10909 0.630035
0.665252 -0.716707 0.209215
0.788074 -0.560573 0.254356
0.987707 -0.0975558 0.122138
-0.592046 0.380921 0.710198
0.445779 0.881179 0.157495
-0.332737 0.183648 0.924964
0.330985 -0.0161887 0.943497
0.504412 0.240957 0.829161
-0.857433 -0.183078 0.480927
0.800185 -0.0329607 0.598847
-0.803459 -0.369539 0.466791
-0.159077 0.764305 0.624926
-0.902069 0.402324 0.156228
0.845882 0.258655 0.466456
0.419458 -0.627563 0.655911
0.638129 0.460611 0.616951
-0.0479738 0.931062 0.361693
0.122898 -0.840921 0.527018
0.0670483 -0.99711 0.0357367
-0.335087 -0.0102091 0.942132
0.771538 0.158779 0.616051
0.162307 -0.10573 0.98106
-0.329773 0.634376 0.699155
-0.7045 -0.537109 0.46389
0.171641 -0.918805 0.35544
0.460957 -0.326907 0.825015
0.180402 0.63093 0.754575
-0.732934 -0.275598 0.621975
0.952682 -0.28755 0.098548
-0.551112 -0.683378 0.478821
-0.669079 -0.668493 0.324733
0.364505 -0.895146 0.256613
-0.902579 -0.286593 0.321271
0.164537 -0.296151 0.940863
0.984722 0.104035 0.139638
-0.346841 -0.883662 0.314393
0.041638 -0.587334 0.808273
-0.16855 0.0954619 0.98106
0.673148 -0.092641 0.733682
0.885614 -0.125777 0.447066
-0.54122 0.786412 0.297719
-0.623328 -0.190442 0.758415
0.650646 0.592779 0.474629
-0.303768 -0.419111 0.855612
-0.149943 0.466596 0.871668
0.355811 -0.933214 0.0501064
-0.114832 -0.987883 0.104404
0.329612 0.808266 0.487916
-0.940577 0.0989225 0.324852
-0.30194 -0.943749 0.134798
0.164981 0.785847 0.596008
-0.339549 0.761504 0.552104
0.327407 -0.836926 0.438588
0.643496 -0.765134 0.0219648
-0.967338 -0.194596 0.162451
-0.576813 -0.542546 0.61068
0.652358 0.692683 0.307604
0.540861 -0.458055 0.705447
-0.200096 0.863655 0.462667
0.69305 -0.405172 0.596253
-0.374402 0.846847 0.377722
-0.443856 -0.497317 0.745431
-0.509174 0.0788264 0.857046
-0.554039 0.825522 0.10749
0.113021 0.959989 0.256219
-0.39437 0.898834 0.191229
0.75609 -0.490625 0.433145
-0.244807 0.965735 0.0861771
-0.00413116 -0.206588 0.978419
0.873039 0.374449 0.312394
0.322192 0.893414 0.313057
0.337075 -0.209042 0.917977
0.0094311 -0.41012 0.911983
-0.166404 -0.0991564 0.98106
0.190818 0.46638 0.863758
-0.421703 -0.659543 0.62223
0.750493 0.644418 0.146582
0.0146969 0.715926 0.698021
-0.521467 0.584919 0.621242
0.161659 0.888044 0.430401
0.348109 0.533508 0.770837
0.494441 0.804314 0.329555
0.204908 -0.964065 0.169092
0.955831 -0.0113431 0.293697
-0.637621 0.19498 0.745266
-0.774121 -0.0854488 0.627244
-0.874321 0.0107707 0.485228
0.266521 0.954085 0.136704
-0.0665718 -0.811003 0.581242
0.496935 0.0500576 0.866343
0.176738 0.0969243 0.979474
0.275689 -0.747956 0.603787
-0.986428 -0.000912092 0.164192
-0.512523 0.71448 0.476277
-0.249861 -0.750353 0.611997
-0.735829 0.299545 0.607313
-0.812456 0.570888 0.118329
0.932788 0.189304 0.30671
-0.773589 -0.610102 0.171276
-0.852093 0.2041 0.481955
-0.481426 0.270072 0.833841
-0.639139 -0.753841 0.152396
0.610729 0.779629 0.138523
-0.459878 -0.304904 0.833993
-0.159321 -0.315861 0.935333
0.496957 0.709568 0.499548
0.778711 0.54469 0.311321
0.35491 0.361728 0.862086
-0.804056 0.389798 0.448945
0.773511 -0.62957 0.0729503
0.505479 0.420297 0.753552
0.0795529 -0.728799 0.68009
-0.821926 -0.479576 0.307317
-0.903764 0.289786 0.315015
0.490234 0.583373 0.64757
0.942541 0.300303 0.146404
