0.596988 0.609973 0.521093
-0.27399 0.209294 0.938683
0.748586 0.505126 0.429495
-0.590855 -0.713969 0.375684
0.0687136 -0.501482 0.862435
-0.383751 -0.301131 0.872958
0.305827 0.621355 0.721379
0.944242 0.259621 0.202493
0.8215 0.144761 0.551527
0 4.85723e-17 1
-0.222437 -0.847942 0.481161
-0.561753 0.764519 0.316138
0.679777 -0.733416 0.00177321
0.208141 -0.00561051 0.978083
-0.0924774 -0.170206 0.98106
0.494631 0.547973 0.674586
-0.19294 0.0172115 0.98106
0.713491 0.0733105 0.696819
0.298518 -0.173384 0.938523
0.707822 0.263946 0.655225
0.89223 0.432519 0.129815
0.085832 -0.939614 0.331298
-0.19769 -0.325228 0.924741
0.581186 -0.798599 0.156408
0.989238 -0.0694873 0.128764
0.643885 -0.429467 0.633222
0.769033 -0.41671 0.484708
0.872462 -0.455427 0.177191
0.801416 0.330877 0.49825
-0.728384 -0.396473 0.558807
-0.944229 -0.318464 0.0837366
0.14582 0.876681 0.45844
0.776518 -0.540721 0.323481
0.18405 0.942407 0.279277
-0.108526 -0.934139 0.34001
-0.387928 0.87503 0.289542
0.87536 -0.345743 0.337946
-0.971529 -0.152358 0.181433
0.473113 -0.822168 0.316551
-0.763667 0.191328 0.616609
-0.54945 0.0454281 0.83429
0.297983 0.16346 0.940472
-0.950194 0.0612785 0.305575
-0.683535 -0.565732 0.461224
-0.894612 0.294534 0.336035
-0.63938 -0.305058 0.705785
-0.699141 0.509884 0.501219
-0.326217 -0.730734 0.599676
0.953672 0.30085 0.00032028
-0.947581 0.318988 0.0183643
-0.868152 0.496259 0.00625224
-0.797147 0.341766 0.497747
0.661918 -0.578983 0.476071
0.638205 -0.702209 0.315589
0.23276 0.760344 0.606383
-0.754952 -0.592009 0.282087
0.00704254 -0.987126 0.159788
-0.993755 0.0266574 0.108355
-0.780565 -0.618421 0.0909656
0.277183 -0.906939 0.317223
-0.212025 0.512544 0.832072
-0.283213 -0.151813 0.946965
-0.962461 0.206314 0.176364
-0.893236 0.411705 0.180632
-0.371756 -0.919045 0.130971
-0.118414 0.985683 0.12003
-0.841602 -0.264998 0.47062
0.449207 0.888404 0.0946114
0.189572 -0.333949 0.923331
0.393662 -0.00469332 0.919243
-0.49239 -0.419194 0.762777
-0.454954 0.212838 0.864706
0.946907 -0.270905 0.17314
-0.0185909 0.505965 0.862354
0.484855 -0.44952 0.750231
0.901692 0.0136014 0.432165
0.564236 -0.000325223 0.825614
-0.922236 -0.121233 0.367127
-0.0860672 0.17987 0.979918
-0.462898 -0.123385 0.877782
0.551256 0.800521 0.235123
-0.503187 -0.67135 0.544144
0.807491 -0.0571063 0.587109
-0.232565 -0.631853 0.739375
0.174405 0.515391 0.83902
-0.486526 -0.833242 0.262678
0.0589848 -0.762607 0.644167
0.392413 -0.9057 0.160375
-0.849978 -0.0345228 0.525686
0.666113 0.660568 0.346328
0.509962 0.751333 0.418852
0.74483 -0.264335 0.612663
-0.009833 0.958862 0.283701
0.267647 0.957867 0.104196
0.357967 -0.606651 0.709812
0.668107 0.445121 0.596238
-0.246311 0.853576 0.459062
0.989809 0.123264 0.0713012
0.260575 -0.490289 0.831695
-0.625388 0.205076 0.752884
-0.315519 -0.475843 0.820988
0.0416831 0.797143 0.60235
-0.0758154 0.655358 0.751504
-0.416433 -0.585349 0.695665
-0.735446 0.00864378 0.677528
0.117536 0.669006 0.733905
0.374917 -0.336131 0.863975
0.102148 -0.168878 0.98033
-0.81094 -0.438342 0.387599
0.59098 -0.286415 0.754128
0.586303 0.18929 0.787666
0.557234 0.375848 0.740424
0.252798 0.348909 0.902417
-0.514915 0.844861 0.145164
0.859974 -0.202259 0.468547
-0.203047 0.935839 0.288059
-0.6726 0.360793 0.646094
0.527393 -0.584498 0.616619
-0.344777 0.373245 0.861288
0.0759808 0.990804 0.111955
-0.669371 0.726774 0.154084
0.697982 0.698446 0.158098
-0.760961 -0.176803 0.624242
0.200468 -0.968274 0.149194
-0.0545402 0.886817 0.458891
0.0612528 0.344778 0.936683
0.82616 -0.563398 0.00659457
-0.403512 0.522535 0.75109
-0.796428 0.580239 0.170368
0.808955 0.586206 0.0442202
0.477477 -0.170728 0.861898
0.251168 -0.742763 0.620659
-0.151711 0.777001 0.610944
-0.588293 -0.515217 0.623267
0.745391 -0.646387 0.163024
-0.0385804 -0.642982 0.764909
0.107647 0.161041 0.98106
-0.866493 -0.461385 0.190562
-0.309087 0.942783 0.125
0.158063 -0.636733 0.75471
-0.563553 0.521903 0.640332
-0.625408 -0.1221 0.770686
0.794945 0.554493 0.246171
-0.874231 0.147934 0.462423
-0.701547 0.630131 0.332817
0.681256 -0.116885 0.722653
-0.653685 -0.731913 0.19235
-0.377261 0.0448884 0.925018
0.352156 -0.810208 0.468561
0.899577 0.207144 0.384515
-0.265714 0.653349 0.708895
-0.186619 -0.968465 0.16507
0.429682 0.280801 0.858209
-0.433202 0.66327 0.610253
-0.908358 -0.300142 0.291206
0.942534 -0.130305 0.307652
-0.406469 -0.802193 0.437342
-0.298291 -0.902576 0.31045
0.862782 0.389003 0.322931
-0.811406 0.470122 0.347283
-0.132304 0.360286 0.923412
0.333761 0.82632 0.453651
-0.00420857 -0.338933 0.940801
0.377973 0.460229 0.803321
0.415902 0.699482 0.581163
-0.426936 0.781169 0.455523
-0.521571 0.368881 0.769344
-0.577623 0.660403 0.479811
-0.539961 -0.838289 0.0755944
-0.125767 -0.494179 0.860215
0.520555 -0.71264 0.470284
0.164264 -0.856704 0.488954
0.963383 0.0739763 0.257723
-0.13531 -0.762442 0.632751
0.370745 0.887789 0.272724
-0.02971 -0.863559 0.503372
