-0.803226 0.0553716 0.593095
-0.463098 -0.740715 0.486705
-0.242453 0.904282 0.351412
-0.883878 -0.0801251 0.460803
0.547037 -0.560644 0.621635
0.910184 -0.258016 0.324027
0.814263 -0.331163 0.476767
-0.652395 0.36747 0.662832
-0.583375 -0.740491 0.333687
-0.928745 -0.330265 0.168398
0.212076 -0.974012 0.0795274
-0.992611 0.0475977 0.111611
-0.05097 -0.959623 0.276632
-0.501038 0.857061 0.12003
0.940555 -0.0659872 0.333169
0.294421 0.420814 0.85804
-0.669727 0.737467 0.0872223
0.898137 0.31764 0.304064
0.108667 -0.918534 0.380115
-0.789002 0.247059 0.562527
0.858665 -0.14231 0.492385
-0.325515 0.932315 0.157569
0.500453 0.15213 0.852293
-0.293107 -0.702362 0.648673
0.401259 -0.689652 0.602803
-0.968989 0.236561 0.0714127
-0.951413 0.172593 0.254998
-0.854778 -0.39533 0.336256
0.766387 -0.0341906 0.641468
0.666612 -0.404943 0.625819
0.921757 -0.355116 0.155746
-0.956528 -0.018601 0.291045
0.218214 -0.753464 0.620222
-0.393283 0.178676 0.901889
-0.17241 -0.976994 0.125532
0.385949 -0.551773 0.739317
-0.339375 -0.00427999 0.940642
0.152765 0.295046 0.943192
0.348598 -0.148555 0.925425
0.998065 -0.0621522 0.00154843
0.342948 0.870492 0.353029
-0.611859 -0.48615 0.623928
0.0549685 0.976159 0.209981
-0.735778 0.633753 0.23872
0.844654 0.244391 0.47627
0.665585 0.716286 0.209596
-0.156115 -0.293489 0.943129
0.592291 0.677188 0.436586
0.203347 -0.277392 0.938991
0.710182 -0.691766 0.130775
0.331346 0.688111 0.645533
-0.837365 -0.514871 0.183652
0.796193 0.426825 0.428832
0.726014 0.348716 0.592706
0.424999 0.76045 0.491011
-0.130521 -0.647069 0.751177
-0.537574 0.281955 0.79468
0.0567772 -0.834623 0.547887
-0.239019 -0.920749 0.308369
0.803535 0.574192 0.156957
-0.255583 0.733172 0.630187
-0.311294 -0.384623 0.869
0.972628 -0.161774 0.166804
0.734716 0.587887 0.338498
0.663946 0.524218 0.533264
-2.77556e-17 0 1
-0.47373 -0.283331 0.833849
0.397301 -0.914241 0.0794642
-0.800643 0.59622 0.0590955
0.359334 -0.36945 0.856963
-0.04912 0.928743 0.367455
0.171503 -0.0900501 0.98106
-0.437672 0.665663 0.604431
-0.901356 0.431898 0.0319644
0.618396 0.785141 0.0337748
-0.424286 0.852579 0.305106
-0.417688 -0.846605 0.329842
-0.034406 0.998664 0.0385552
0.262904 -0.928614 0.261836
-0.628575 -0.198446 0.752006
0.963481 0.224298 0.146272
-0.593204 0.549805 0.588068
-0.468987 -0.460584 0.7536
0.472781 0.87158 0.129719
-0.777578 -0.136447 0.613803
-0.682831 -0.0127769 0.730464
-0.174711 0.0915833 0.980351
0.501866 -0.042148 0.863918
-0.324573 -0.197712 0.924966
0.497899 -0.234564 0.834911
0.840333 -0.439552 0.317228
-0.89529 0.111902 0.431201
-0.0536613 0.374621 0.925624
-0.89656 -0.442736 0.0128498
-0.35685 -0.92147 0.153462
0.154557 0.917466 0.366563
-0.371969 0.365881 0.853094
-0.339067 0.574261 0.745156
0.934242 0.12854 0.33267
0.601382 -0.653868 0.459126
-0.466631 -0.615214 0.635427
0.295856 0.938704 0.176931
-0.49796 0.462457 0.7336
0.865615 0.0521157 0.49799
-0.740682 -0.579685 0.339641
0.0195232 -0.994927 0.0986851
0.627621 0.258507 0.734347
0.64805 0.0664892 0.75869
-0.909538 0.357667 0.211697
0.0168779 -0.380716 0.924538
-0.868731 0.300961 0.393356
0.444077 -0.857533 0.259678
-0.685598 0.592977 0.422296
0.336159 0.238286 0.911162
-0.00890036 0.193502 0.98106
0.242203 0.82362 0.512824
-0.14951 0.845808 0.512108
-0.164202 -0.102762 0.98106
0.470253 0.340676 0.814127
0.74575 -0.227129 0.626313
-0.712436 -0.319524 0.624771
0.344586 0.0456496 0.937644
-0.220759 0.275331 0.935659
-0.537025 0.716633 0.445019
0.563719 -0.818444 0.111223
-0.0499218 0.755721 0.652989
0.578193 0.440624 0.68669
0.603248 -0.744222 0.28675
-0.746493 -0.453055 0.487329
-0.284803 -0.821097 0.494658
0.725265 -0.504076 0.468933
-0.208249 0.471048 0.857173
0.737361 -0.604043 0.302376
0.83231 -0.534345 0.147431
-0.635972 -0.771457 0.0198138
-0.591491 0.761955 0.263746
0.164158 0.104441 0.98089
-0.785721 -0.618 0.0268217
-0.528605 -0.831544 0.170621
0.143933 0.739114 0.658023
0.159667 0.986089 0.0462105
-0.83421 -0.267952 0.48197
0.984715 0.0324329 0.171125
0.271874 -0.846429 0.457867
0.517628 0.799458 0.304842
0.412652 0.525346 0.74413
-0.139301 0.969853 0.199949
-0.119524 -0.782164 0.611501
-0.300278 -0.55508 0.775706
-0.140953 -0.478745 0.866566
-0.979091 -0.143874 0.143809
-0.153491 0.630879 0.760548
-0.813424 0.479748 0.328912
0.0402786 0.626574 0.77832
0.00737057 -0.194652 0.980845
0.452622 -0.777376 0.43683
-0.924219 -0.208329 0.32003
0.0451011 -0.713178 0.699531
0.517863 -0.409166 0.751266
0.507215 0.617529 0.601158
-0.363736 0.797325 0.481632
0.903023 0.408761 0.132151
-0.551176 0.0909335 0.829419
0.029099 -0.56395 0.825296
-0.748912 0.428716 0.505305
-0.107807 -0.887409 0.4482
0.759708 0.160705 0.630094
-0.680632 0.180759 0.709976
-0.616608 -0.621102 0.483763
-0.699026 -0.690676 0.185282
0.107339 0.471672 0.875217
0.0495588 0.854122 0.517705
0.20402 -0.617996 0.759247
0.230591 0.585827 0.776939
0.640868 -0.128 0.756904
-0.495125 -0.0922312 0.863912
0.186556 -0.458237 0.869032
