0.95129 0.0130762 0.30802
0.243121 -0.618931 0.746872
0.993808 0.0290044 0.107262
-0.628337 -0.77633 0.0500413
-0.210711 0.936389 0.280673
-0.69102 0.65276 0.310477
0.19356 -0.980148 0.0429354
-0.0864557 -0.893012 0.441651
-0.537924 0.760272 0.364176
0.799883 -0.154915 0.579818
-0.938947 0.188299 0.287963
0.403128 -0.779275 0.479811
-0.738857 0.512887 0.437078
-0.863877 0.498719 0.0706802
-0.00946343 0.193475 0.98106
0.561305 -0.752104 0.345362
0.248962 -0.876637 0.411736
-0.756526 0.177465 0.629423
0.903914 -0.151861 0.399847
-0.595969 0.630578 0.497184
0.245708 -0.766382 0.593537
-0.169411 0.469179 0.866701
0.591882 0.805639 0.0249284
-0.0674525 0.985316 0.156851
0.548631 -0.819946 0.163379
0.950629 -0.299883 0.0798406
0.0757235 -0.936238 0.34311
-0.469407 0.592061 0.655074
-0.338337 0.850501 0.402711
-0.980942 0.167129 0.0991006
-0.751404 0.647794 0.125517
-0.533452 -0.730124 0.427022
-0.867927 -0.325383 0.375272
0.115585 0.989139 0.0907927
0.670621 0.19868 0.714698
-0.981348 -0.169374 0.0909317
-0.020121 0.940153 0.340157
0.657029 0.381758 0.650057
0.167537 0.294426 0.940875
-0.78119 -0.299768 0.547614
0.0336907 0.701011 0.712354
-0.913405 0.357339 0.194937
-0.292686 -0.41111 0.863321
0.851094 0.521702 0.0588649
-0.0917302 -0.657695 0.747678
-0.916444 -0.352826 0.188795
0.690054 -0.611553 0.387077
-0.635496 0.308089 0.707973
-0.624313 -0.261962 0.735941
0.523582 0.671137 0.524821
-0.607184 -0.756647 0.242515
-0.469118 -0.136688 0.872493
-0.363494 -0.781874 0.506503
0.188262 0.766586 0.613924
-0.153286 -0.11843 0.98106
-0.630039 0.122648 0.766817
-0.496049 0.24776 0.832196
-0.304841 -0.226905 0.924979
0.472513 0.863886 0.174451
-0.94301 0.332739 0.00415116
0.75228 0.0165575 0.658635
-0.748516 -0.638089 0.180462
-0.753762 -0.132696 0.643611
-0.857464 -0.507287 0.0861115
0.377565 -0.342798 0.860194
0.650783 0.658449 0.378056
-0.817627 0.514151 0.259104
0.0877208 -0.851055 0.517697
-0.625641 -0.0716757 0.776812
-0.481574 0.0575325 0.874515
0.364844 0.513083 0.776939
-0.606064 -0.586848 0.536932
0.775723 0.509314 0.372628
0.386614 -0.915295 0.112983
0.688926 -0.69357 0.210575
-0.268716 -0.887828 0.373568
0.0254112 0.846216 0.532233
0.0675342 -0.570886 0.818247
0.210443 0.628242 0.749016
0.544413 -0.35787 0.758646
0.791804 -0.606749 0.070008
-0.653187 -0.421858 0.628794
0.400331 -0.657136 0.638677
-0.0744705 -0.791154 0.607066
0.878598 0.351704 0.323063
-0.471242 -0.87532 0.108377
-0.873744 -0.151359 0.462236
-0.86318 0.191394 0.467214
-0.155795 -0.985175 0.0718178
0.695993 -0.321213 0.642196
0.763419 0.611654 0.207534
-0.494157 -0.486657 0.720398
0.958273 0.185313 0.217651
0.898464 0.175175 0.402586
0.507944 0.375911 0.775038
-0.143071 0.631278 0.762246
0.660945 0.533288 0.527973
-0.126813 0.769384 0.626072
-0.607143 0.773294 0.182738
0.970411 -0.143588 0.194127
0.342123 0.158197 0.926243
-0.119476 -0.49971 0.857913
-0.125057 -0.956952 0.261922
0.610589 0.0301626 0.791373
0.51573 -0.18211 0.837173
-0.756644 0.35479 0.549194
-0.308945 0.944423 0.112332
-0.303552 -0.934131 0.187763
0.736756 0.675671 0.0256775
-0.321674 -0.570602 0.755605
0.671679 -0.147267 0.726058
0.407588 -0.862535 0.299842
-0.623762 0.479771 0.617041
-0.342665 0.362491 0.866707
-0.329514 0.535149 0.777841
-0.687181 -0.628191 0.36491
0.873875 -0.457555 0.164276
0.367592 0.784671 0.499167
0.909309 -0.306361 0.281604
0.715613 -0.469262 0.517388
-0.00662866 0.379844 0.925027
0.342841 0.345551 0.87353
-0.135727 -0.322519 0.936781
0.222985 -0.461053 0.858899
0.521911 0.535258 0.664159
-0.178167 0.289208 0.94054
-0.432641 0.73257 0.525512
0.924187 0.357685 0.133942
-0.441582 -0.646328 0.622306
-0.943829 -0.172415 0.281887
0.0184587 0.550406 0.834693
0.512017 0.191567 0.837342
0.571839 -0.511044 0.641743
0.193293 -0.285964 0.938543
-0.336357 0.176893 0.924972
0.664471 -0.746896 0.0249971
-0.437786 0.867479 0.23627
0.448255 -0.00171273 0.893904
-0.497678 0.865856 0.0510913
-0.443207 -0.845221 0.298611
-0.925565 0.0163886 0.378234
0.550529 -0.657115 0.514896
-0.821465 -0.492633 0.287241
0.193733 0.470026 0.861129
0.0181545 -0.210495 0.977426
-0.249339 -0.717504 0.650398
0.978301 0.205659 0.0251264
-0.850604 0.36444 0.37902
-0.462981 -0.325221 0.824548
-0.981233 -0.00346487 0.192794
-0.172771 0.0875911 0.98106
0.084727 -0.717493 0.691394
0.627108 0.750577 0.208254
0.503966 0.784983 0.360304
0.343193 -0.162555 0.925092
0.813197 -0.465715 0.349026
0.1713 -0.0904356 0.98106
-0.747429 -0.473297 0.466197
0.374499 0.661521 0.649724
0.299492 0.944343 0.136093
-0.154729 0.872535 0.463402
-0.323343 -0.0305822 0.945787
0.415489 -0.503671 0.757419
-0.834736 0.0177346 0.550365
0.800524 0.183292 0.570583
0.233892 -0.944665 0.230005
0.342174 0.884357 0.317537
0.824141 -0.314485 0.471053
-0.490867 0.427976 0.758872
0.865645 0.0102327 0.500554
0.163398 0.104034 0.98106
0.0402368 -0.403665 0.914022
0.163092 0.947541 0.274894
1.0842e-19 1.78834e-17 1
0.0374771 -0.986562 0.159029
-0.300105 0.687896 0.660861
0.783425 0.36501 0.503004
0.200026 0.870466 0.449755
