-0.349898 0.819958 0.453034
-0.95172 0.255752 0.169766
0.645447 0.518108 0.561215
-0.450747 0.848925 0.275959
-0.571904 -0.646864 0.504474
-0.106071 -0.923542 0.368538
0.919705 0.367509 0.138128
-0.247123 -0.843804 0.476366
-0.0499442 0.771772 0.633935
-0.932562 0.360939 0.00713282
0.381468 -0.908789 0.16907
0.611408 0.736441 0.289542
0.0734279 -0.895748 0.438457
0.0191802 -0.997459 0.0686057
0.178641 -0.103717 0.978433
0.469906 0.860328 0.197543
0.739796 0.65074 0.170998
0.420936 -0.74484 0.517713
-0.931491 -0.348546 0.104113
-0.161912 0.860558 0.482933
-0.0690137 -0.829918 0.5536
0.712797 0.593354 0.373966
-0.0108301 -0.379294 0.925213
-0.925911 0.114983 0.359817
-0.72063 -0.546711 0.426379
0.469609 0.882864 0.00422213
-0.171131 0.974357 0.146092
-0.689324 0.72107 0.0699328
0.846031 0.529764 0.0598571
-0.0430626 -0.70084 0.712017
-0.400866 -0.715126 0.572626
-0.136513 -0.973601 0.182935
-0.358111 0.925555 0.122899
0.990055 -0.101477 0.097434
0.797718 -0.592562 0.111873
-0.831476 -0.389637 0.396017
-0.232945 0.484351 0.843292
-0.643696 -0.483154 0.593479
-0.398119 0.381814 0.834098
0 -5.55112e-17 1
0.794725 -0.529847 0.296098
-0.347272 -0.317791 0.882276
0.199903 -0.970388 0.135592
0.764889 -0.0502343 0.6422
-0.803239 0.480833 0.351577
0.833529 0.246451 0.494461
0.309145 0.902543 0.299743
0.284365 -0.704398 0.650354
0.754479 -0.41224 0.510705
-0.614806 0.122478 0.77911
0.625999 -0.339449 0.702068
0.980025 0.0718236 0.185453
-0.506276 -0.21605 0.834869
-0.489038 -0.871821 0.0277345
0.500594 -0.0741124 0.862504
0.4533 -0.607759 0.652034
0.310728 -0.553333 0.772833
0.640909 -0.152035 0.75241
-0.867201 -0.0175086 0.49765
-0.141179 0.645496 0.750602
-0.923259 -0.263911 0.279185
0.677921 -0.588763 0.440205
0.395489 0.498123 0.771662
-0.713465 0.239201 0.658598
0.0488329 -0.964861 0.258182
0.829966 0.498045 0.251212
0.613439 -0.507656 0.604961
0.473772 -0.446495 0.759067
-0.326222 0.0629937 0.943192
0.944057 -0.235496 0.230865
-0.651684 0.421616 0.630514
0.316906 0.942133 0.10934
0.977388 0.206598 0.0450613
-0.523092 -0.396991 0.75417
0.712233 0.34181 0.613099
-0.357798 -0.12819 0.924958
0.29561 0.650482 0.699634
0.150368 0.98843 0.0198824
0.862315 -0.35814 0.357978
0.566715 0.673556 0.474507
0.886913 0.327515 0.32576
-0.862368 -0.506112 0.0131406
-0.587639 0.589047 0.55471
0.687675 -0.683804 0.243958
0.404333 -0.844443 0.351327
0.155529 0.763945 0.626257
-0.785507 0.360163 0.503251
0.872151 -0.187862 0.45173
-0.524521 0.740655 0.419889
-0.425702 0.693794 0.580885
-0.281489 0.255257 0.924991
-0.190966 -0.436765 0.879073
-0.565134 0.310095 0.764503
-0.357539 -0.491117 0.794336
-0.286954 -0.910449 0.297892
-0.269367 0.914145 0.302952
0.024968 0.219141 0.975374
0.754701 0.144117 0.640045
-0.0412652 0.515726 0.855759
0.191952 0.538515 0.820461
0.2489 -0.832827 0.494417
-0.589693 -0.736236 0.331993
-0.886995 0.305219 0.346528
0.872256 0.00356668 0.489037
0.0531229 0.656675 0.752301
0.616405 0.7815 0.0964473
0.107789 -0.779299 0.617313
-0.828738 0.558467 0.0361621
0.157142 -0.476929 0.864781
-0.0201927 -0.551082 0.834207
0.957391 -0.285537 0.0432507
0.0221114 0.985835 0.166253
-0.643545 -0.06928 0.762266
-0.0782227 0.941748 0.327096
-0.750371 -0.658311 0.0597544
0.225089 0.854294 0.468526
0.00603429 -0.193612 0.98106
-0.146333 0.126921 0.98106
0.644192 0.0422401 0.763697
0.563765 0.422438 0.709729
-0.455783 0.188399 0.869924
0.165341 -0.297706 0.940231
-0.218921 -0.738568 0.637645
-0.677849 0.625615 0.38617
0.944894 -0.0631205 0.321235
0.676467 -0.734315 0.056331
-0.17565 -0.256359 0.950488
-0.111634 0.350151 0.930017
0.368397 0.750153 0.549139
0.461504 0.309927 0.831239
0.325611 -0.379474 0.866012
-0.615162 -0.775317 0.143036
-0.763235 0.610374 0.211935
-0.981527 0.0626104 0.180788
-0.424754 -0.809984 0.404363
0.0952075 0.390547 0.915646
-0.458232 -0.861272 0.219621
-0.319848 -0.941231 0.108548
0.546296 -0.811959 0.20563
0.454735 0.803967 0.383215
-0.182732 -0.0642755 0.98106
0.494663 0.120419 0.860702
0.922939 0.139144 0.358918
-0.615706 0.747901 0.248094
0.227178 -0.919288 0.321404
-0.849257 -0.47827 0.223654
0.760968 -0.240727 0.602477
0.525658 -0.850546 0.0159825
0.341316 -0.193112 0.919898
0.781054 0.429335 0.453461
-0.941683 -0.0763351 0.327729
-0.835235 0.172929 0.521994
-0.754428 0.0489735 0.654553
0.286202 0.378988 0.880032
0.119657 0.93724 0.327511
0.326373 0.193964 0.925126
0.893214 -0.414575 0.174061
-0.495124 -0.00221012 0.868819
-0.733054 -0.631846 0.251798
-0.531818 0.841029 0.099194
-0.865272 -0.207677 0.456261
-0.483924 -0.566532 0.666977
0.496147 -0.265368 0.826691
0.474459 0.610732 0.633953
0.561155 -0.733665 0.383197
-0.329759 0.604761 0.72493
-0.774687 -0.140815 0.616466
0.0323045 0.871863 0.488683
-0.981121 -0.128602 0.144444
0.136199 -0.638147 0.757772
-0.242418 0.747043 0.618999
-0.881484 0.437041 0.178831
0.171133 0.0907501 0.98106
0.620749 0.235284 0.747871
-0.757267 -0.327693 0.564946
0.338755 0.000367477 0.940875
-0.19836 -0.601258 0.774042
-0.493181 0.49985 0.711985
-0.652266 -0.25736 0.712962
