-0.43886 0.491413 0.752273
-0.913068 0.383844 0.137733
0.533365 0.704244 0.468574
0.580599 0.0250688 0.813803
0.894548 0.42096 0.150255
0.228415 -0.755032 0.614617
0.791442 0.568999 0.223292
-0.448398 -0.510499 0.733709
-0.543473 0.328535 0.772465
-0.907019 0.105915 0.407552
0.290443 0.162997 0.942908
-0.998966 0.018563 0.0414928
0.00952621 0.334274 0.942428
0.00178877 -0.635277 0.772282
-0.193592 0.0066562 0.98106
0.982083 0.0994751 0.160053
-0.456346 -0.834133 0.309789
0.154173 0.448711 0.880278
0.816938 0.575921 0.0304631
-0.289296 0.66508 0.688459
0.402286 0.681033 0.61185
0.894736 -0.077391 0.439839
0.397007 -0.312398 0.863014
-0.762559 -0.183849 0.620245
0.868766 -0.363463 0.336363
0 0 1
-0.843887 0.283701 0.455378
-0.0901823 -0.171433 0.98106
-0.432852 -0.758286 0.487486
-0.459902 -0.87974 0.120611
-0.859749 -0.227344 0.457324
-0.849268 -0.527945 0.00424642
0.637465 0.708768 0.302137
0.930875 0.261246 0.255388
-0.747404 -0.588245 0.308796
-0.974394 0.204525 0.0934095
0.520891 -0.853332 0.0223126
-0.533198 -0.618028 0.577704
0.841964 0.0852845 0.532751
0.224916 0.68615 0.691817
-0.745743 -0.654266 0.125713
-0.0948387 0.17437 0.980102
0.361618 0.806125 0.468396
0.196001 -0.00295732 0.980599
-0.857227 -0.477755 0.192126
-0.18466 -0.332093 0.924995
0.270432 0.960835 0.0605169
-0.622409 0.597444 0.505636
0.391703 -0.857784 0.33283
-0.75394 -0.363935 0.546925
-0.218528 0.942745 0.251947
-0.289004 -0.937538 0.193647
-0.105031 -0.880126 0.462976
0.13676 0.969854 0.201695
-0.37987 0.012472 0.924956
0.753877 0.239861 0.611667
-0.191046 -0.637908 0.746039
-0.801247 0.141587 0.58134
0.796889 -0.535326 0.279991
-0.142913 0.777862 0.611969
0.995248 -0.0715069 0.06609
-0.610558 -0.791201 0.0349113
-0.130866 -0.987158 0.0916134
0.0791177 0.605176 0.792151
0.757887 -0.433671 0.487377
-0.183432 0.346327 0.920006
0.963743 -0.0676431 0.258115
-0.371447 -0.319355 0.871802
-0.0891353 -0.491242 0.86645
-0.357051 0.861214 0.361696
0.962815 0.263919 0.0577411
-0.253297 -0.792979 0.554099
-0.523847 0.804939 0.278671
0.468678 0.175591 0.865742
0.30754 0.90849 0.282957
0.0670119 -0.836985 0.543108
-0.827219 -0.418396 0.375038
0.0842762 0.996312 0.0161513
0.195443 -0.625074 0.755701
0.723576 0.063128 0.687352
-0.97735 -0.125926 0.170087
-0.369289 0.346672 0.862232
-0.0826362 -0.761927 0.642369
-0.469529 -0.151257 0.869864
0.319296 0.345702 0.882349
-0.677172 0.704041 0.213926
-0.613101 -0.454341 0.646283
0.298038 -0.163748 0.940404
-0.495487 0.737434 0.459003
-0.81725 0.549188 0.174628
-0.745636 0.665386 0.0358825
-0.392421 0.903179 0.173995
0.434851 0.890035 0.136902
-0.630389 -0.156167 0.760409
0.842322 0.420027 0.337745
0.0489454 -0.98165 0.184305
0.967242 -0.253826 0.00399233
-0.850092 -0.0382695 0.525242
-0.285356 0.181854 0.941011
-0.360465 -0.66496 0.654135
0.947366 -0.251899 0.197595
-0.280997 -0.88135 0.379819
0.611191 0.553851 0.565415
-0.467905 0.63052 0.619282
0.371839 -0.637853 0.674448
-0.714483 0.309602 0.627424
0.0996147 0.16613 0.98106
0.564245 -0.314234 0.763469
0.890734 -0.430642 0.145398
-0.037393 0.945626 0.323101
0.501484 -0.148535 0.852321
0.492695 0.355097 0.794454
-0.938867 -0.331463 0.0930585
-0.247369 0.966999 0.0610002
0.699838 0.704518 0.117821
-0.737217 0.578141 0.349663
0.527709 -0.640504 0.557922
-0.688527 -0.537225 0.487154
0.621977 0.215717 0.752736
-0.597241 -0.690148 0.408654
0.637678 0.388746 0.665013
-0.74579 0.447401 0.493589
-0.255626 0.520692 0.814577
0.382784 -0.912201 0.146175
0.719556 0.564743 0.40411
0.791341 -0.0988288 0.603335
0.756494 0.40698 0.511941
-0.613959 -0.756192 0.226337
0.859158 0.256893 0.442553
-0.562795 0.0139703 0.826479
0.232806 -0.864735 0.445011
0.709389 -0.308022 0.633948
-0.540111 -0.327969 0.775059
-0.72575 -0.00274669 0.687953
-0.465369 0.177481 0.86714
0.104411 -0.174683 0.979073
0.538583 -0.815366 0.212382
-0.848922 0.421858 0.318381
0.544804 -0.741186 0.392214
0.397176 0.00220007 0.91774
0.302024 0.535831 0.788458
0.798612 -0.594374 0.0945421
0.658908 -0.146109 0.737897
0.670002 -0.7388 0.0726058
0.202723 -0.332342 0.921114
0.62171 -0.48106 0.618109
-0.116473 -0.952161 0.28253
-0.106469 0.649055 0.753254
-0.321837 0.780856 0.53543
-0.17947 0.880371 0.439019
0.209426 -0.974991 0.0743842
0.832177 -0.253865 0.492984
0.677588 -0.687839 0.260292
-0.971381 0.0645348 0.228593
-0.279889 -0.485486 0.82823
-0.281383 -0.163388 0.945583
-0.919624 -0.276674 0.278824
-0.0689801 0.988324 0.135858
0.928742 0.0959379 0.358098
0.476991 0.526562 0.703713
-0.928032 0.248875 0.277161
0.042086 0.746724 0.663801
0.478386 0.820346 0.313336
0.0640516 -0.926664 0.370395
0.000736684 0.860317 0.50976
-0.0697422 0.494846 0.866177
0.672122 -0.599996 0.433886
-0.60154 0.466726 0.648318
-0.648414 0.167351 0.742666
0.469506 -0.482539 0.739405
0.390139 -0.768487 0.507168
0.00920008 -0.33997 0.940391
0.185332 0.813999 0.550507
0.105486 -0.491201 0.864635
0.574434 0.81826 0.0218117
-0.932036 -0.0793959 0.353561
-0.565162 0.820156 0.0890858
0.143112 0.910878 0.387066
0.296505 -0.475415 0.828291
0.22768 -0.937145 0.264425
