0.254654 -0.953898 0.158839
0.0123994 -0.502285 0.864613
0.39266 -0.873256 0.288517
-0.846519 -0.0308235 0.531465
-0.387869 0.540065 0.746919
-0.924681 0.355691 0.13583
0.396794 0.800556 0.44907
-0.950173 0.19524 0.243006
0.716668 0.184308 0.67262
0.201837 -0.457645 0.865923
0.596892 -0.624318 0.503931
-0.269526 0.267748 0.925023
0.703435 -0.697106 0.138645
-0.188146 -0.0460795 0.98106
0.48396 0.59034 0.645973
0.187564 0.0483933 0.98106
-0.762598 0.641771 0.0810744
0.924711 0.322992 0.201457
-0.374732 -0.0373007 0.926383
-0.983802 0.171307 0.0528027
-0.219084 -0.531606 0.818167
-0.728777 -0.078166 0.680275
-0.561511 0.757622 0.332737
0.588511 -0.808024 0.0274213
-0.018671 0.656933 0.753718
0.707298 -0.282153 0.648166
-0.349193 0.918828 0.1839
0.0548563 0.190761 0.980102
0.430445 -0.69509 0.575819
0.237795 0.243884 0.940199
0.864788 0.320422 0.386615
0.94867 0.316157 0.00842808
0.798158 -0.350322 0.49012
-0.933217 0.00640392 0.359256
-0.833539 0.511981 0.207576
0.961298 -0.0498441 0.270963
0.559077 -0.799499 0.219624
0.843689 0.170573 0.509012
-0.632098 0.625657 0.457171
-0.601167 -0.189357 0.776365
-0.250508 -0.968093 0.0064564
0.996093 -0.0377063 0.0798533
1.38778e-17 8.67362e-18 1
-0.794782 -0.220698 0.565345
-0.327008 -0.92757 0.180774
-0.0842551 0.324912 0.941984
0.956378 -0.225024 0.186295
0.414257 0.279457 0.866196
-0.859827 -0.469269 0.201206
0.0561598 -0.750237 0.658779
0.336245 0.931387 0.139487
0.822659 -0.164934 0.544086
-0.487188 -0.758937 0.432045
0.870804 0.488685 0.0537249
0.714044 0.6276 0.310258
-0.762815 -0.541222 0.353824
0.313591 -0.0954122 0.944753
-0.672562 0.472188 0.569824
0.6222 0.453563 0.638081
0.505947 -0.542691 0.67045
-0.181093 0.977791 0.105499
-0.406544 -0.523209 0.748982
-0.434991 -0.21492 0.87441
-0.212704 0.919639 0.330183
-0.0598439 -0.192425 0.979485
-0.627605 0.763987 0.149784
0.535982 0.131041 0.833997
0.45371 0.445146 0.772006
-0.325307 -0.777277 0.538531
-0.869077 0.494548 0.0112996
0.764275 0.481656 0.428825
-0.627552 -0.768388 0.125532
-0.171398 -0.869541 0.463164
-0.409948 0.367756 0.834684
-0.837659 -0.364726 0.406573
0.565381 0.732081 0.380001
0.903579 -0.210621 0.373072
-0.753921 -0.631377 0.181564
0.337506 0.714251 0.613135
-0.523543 0.588535 0.61606
0.795765 -0.55712 0.237436
0.0696039 -0.332454 0.940548
0.625476 0.59514 0.504568
0.488801 -0.0541806 0.870711
-0.420844 0.14913 0.894791
0.00499202 -0.917954 0.396654
0.826273 -0.561449 0.0452603
0.790458 0.014466 0.612346
-0.0473069 0.499754 0.864874
-0.134719 -0.768548 0.625447
0.210923 -0.914814 0.344422
0.0711139 -0.972471 0.221907
-0.474388 -0.878007 0.063711
-0.934244 -0.351008 0.0631007
-0.339575 -0.866771 0.365236
-0.923813 -0.291548 0.248132
0.601209 -0.183095 0.777833
-0.876412 0.355921 0.32438
0.659464 0.75172 0.00482632
0.430929 -0.896921 0.0991592
0.66317 -0.462159 0.58874
0.128827 -0.144658 0.98106
0.757125 0.337465 0.559356
-0.490767 0.86923 0.0598934
0.836123 0.490674 0.24523
-0.791995 0.146155 0.592775
-0.0711093 -0.644514 0.761279
0.215863 0.82985 0.514541
0.329324 -0.590627 0.736686
-0.133206 0.140636 0.98106
-0.142399 0.755088 0.639973
-0.614774 -0.621871 0.485107
-0.208176 0.613326 0.761902
-0.556167 0.245966 0.793838
0.907318 -0.402219 0.122451
-0.493954 -0.832211 0.251862
-0.984952 0.0174129 0.171951
0.14313 -0.846109 0.513433
0.0998967 0.917457 0.385089
-0.853426 -0.521033 0.0136947
0.893428 -0.0105085 0.449084
-0.553704 0.424504 0.716385
0.930475 0.144107 0.336824
-0.690365 0.298322 0.65909
0.248297 -0.733675 0.63251
-0.135577 -0.38381 0.913405
-0.8859 0.182889 0.426301
-0.463687 0.732083 0.499047
-0.796408 0.338761 0.500975
0.978465 0.143673 0.148203
-0.768972 0.501025 0.39706
0.437906 -0.241975 0.865845
0.46083 0.847533 0.263294
-0.257589 0.82662 0.500347
0.657247 0.00172064 0.753673
0.558447 -0.369675 0.742615
0.256503 -0.280427 0.924968
0.100849 0.380585 0.91923
0.19507 0.980676 0.0149028
0.330215 -0.820788 0.466116
0.148775 0.967705 0.203501
-0.235106 0.448714 0.862195
-0.546193 -0.0129654 0.837559
-0.328676 0.698879 0.635248
0.137302 0.54728 0.82561
-0.0751508 0.883185 0.462965
0.762543 0.635344 0.121926
-0.33505 -0.381434 0.861539
-0.284929 -0.663855 0.691456
-0.461362 -0.652815 0.600814
-0.390851 0.847139 0.359986
0.00942899 0.997438 0.0709135
0.66193 -0.674272 0.327422
0.583959 0.301692 0.753641
0.366918 0.0990529 0.924965
0.865557 -0.391551 0.312248
-0.632233 -0.709168 0.31203
-0.711138 0.645054 0.279621
-0.669453 0.0985365 0.73629
0.505098 -0.763166 0.403055
-0.514238 -0.363495 0.776808
-0.896672 -0.179266 0.404775
0.620541 0.759447 0.195368
-0.0873697 -0.99005 0.110306
-0.57232 -0.500522 0.64956
-0.247605 -0.227208 0.941843
0.0931793 -0.995201 0.0298719
-0.0383789 0.965679 0.256888
0.140197 -0.617657 0.77385
0.387585 -0.423946 0.818564
0.0413344 0.801901 0.596026
0.284674 0.901463 0.326076
0.282015 0.422184 0.861527
-0.669751 -0.332647 0.663913
0.314458 0.57961 0.751777
-0.979869 -0.166882 0.109579
0.741 -0.523083 0.421075
-0.162873 -0.944913 0.283923
-0.716074 -0.460447 0.524621
0.164912 0.694042 0.700792
0.505068 0.859888 0.0741608
