-0.569667 0.270899 0.775946
-0.973491 0.201656 0.107937
0.36783 0.68412 0.629826
0.508764 -0.0297925 0.86039
0.794395 0.524426 0.306453
0.313247 -0.807205 0.500296
0.662131 0.638422 0.39243
-0.402554 -0.699609 0.590337
-0.645345 0.0924575 0.758275
-0.937873 -0.115823 0.327076
0.190635 0.0343597 0.98106
-0.115166 0.155753 0.98106
0.058685 -0.75569 0.652295
-0.260074 -0.201645 0.944299
0.819895 0.560454 0.116894
0.935886 0.224658 0.271377
-0.324053 -0.938412 0.119889
0.0112395 0.30116 0.953507
0.699479 0.684035 0.206943
-0.448672 0.474875 0.757091
0.23311 0.614764 0.753475
0.86141 -0.0114743 0.50778
0.384013 -0.395536 0.834317
-0.760248 -0.412343 0.501992
0.893179 -0.274568 0.356152
-0.0701123 -0.180573 0.98106
-0.910309 0.0581721 0.40982
-0.127378 -0.357944 0.925014
-0.326699 -0.893134 0.30916
0.570384 0.813667 0.112283
-0.836671 -0.440674 0.32525
0.480944 0.735208 0.477662
0.850625 0.356251 0.38668
-0.652822 -0.746138 0.13077
-0.999258 0.0258287 0.028554
-0.456097 -0.789351 0.410975
0.774626 0.121184 0.620701
0.0524148 0.576932 0.815109
-0.192346 -0.0229208 0.98106
0.181357 0.755565 0.629468
-0.575318 0.812912 0.0904599
0.124257 -0.148602 0.98106
-0.771817 -0.635402 0.023725
-0.188143 -0.518842 0.833909
0.0933507 0.964781 0.245933
0.962769 0.257755 0.0814752
-0.751177 0.388989 0.533311
0.511333 -0.829934 0.223042
-0.715156 -0.572494 0.401002
-0.397114 0.834481 0.382025
-0.133484 -0.991036 0.00543751
0.0182747 -0.954538 0.297529
-0.0494038 0.926668 0.372619
-0.4401 -0.215653 0.871668
0.655556 0.242864 0.715027
-0.128397 -0.784337 0.606902
-0.852417 -0.0956745 0.514035
0.85659 -0.44267 0.265136
-0.319266 0.621545 0.715368
0.985299 0.0777954 0.1521
-0.08365 0.45692 0.885566
0.785972 -0.387701 0.481597
-0.305205 0.140647 0.941843
0.940219 0.0418336 0.337991
-0.370083 -0.52674 0.765234
-0.0623973 -0.647449 0.75955
-0.526597 0.713391 0.462351
0.895384 0.399642 0.196403
-0.148963 -0.910123 0.386634
-0.263639 0.95956 0.0986851
-0.674746 0.647101 0.354934
0.368887 0.0890132 0.925202
0.12335 0.879748 0.45916
0.174076 -0.899633 0.400448
-0.765549 -0.606026 0.216023
-0.0925647 0.977458 0.189758
0.248251 -0.711832 0.657013
0.651392 0.0528367 0.756899
-0.94976 -0.309186 0.0485873
-0.483745 0.121699 0.866707
0.00702418 -0.868641 0.495392
-0.495664 -0.378936 0.781489
0.191272 0.227219 0.954875
-0.803145 0.536359 0.25938
-0.567998 -0.655655 0.497489
0.255398 -0.281074 0.925078
-0.647734 0.55356 0.523461
-0.910885 0.370776 0.181147
-0.851142 0.520048 0.071467
-0.427645 0.903944 0.00221645
0.256639 0.95675 0.136988
-0.55551 0.782355 0.281653
0.26185 0.908566 0.325488
-0.645112 -0.389655 0.657266
0.730122 0.481315 0.485034
0.206783 -0.978126 0.0226089
0.994025 -0.0924067 0.0581
-0.865007 -0.267901 0.424255
-0.378019 -0.0390594 0.924973
-0.28361 -0.821082 0.495368
0.960595 -0.128673 0.246377
-0.148497 -0.968844 0.198215
0.463768 0.533123 0.707601
-0.61319 0.42527 0.66569
0.703302 0.71075 0.0141925
0.429419 -0.681358 0.592748
-0.799813 0.0729312 0.595802
-5.55112e-17 0 1
0.424606 0.905126 0.0213715
0.555556 -0.352605 0.753012
0.939888 -0.301769 0.159832
-0.224714 0.853388 0.470353
0.458718 -0.217876 0.861457
0.366086 0.279932 0.887479
-0.416291 0.887887 0.195851
0.555866 0.774339 0.302344
-0.849619 0.380064 0.365649
0.591133 -0.637969 0.493516
0.0848564 0.994937 0.0538409
-0.616425 -0.719418 0.320091
0.520348 0.17287 0.836274
-0.494532 -0.839056 0.226766
0.511666 0.359143 0.780522
-0.84527 0.225824 0.484275
-0.399201 0.317359 0.860187
0.525175 -0.850466 0.0299932
0.579598 0.590146 0.561955
0.752151 -0.0783333 0.654318
0.635899 0.423476 0.645214
-0.48662 -0.872902 0.0352645
0.767832 0.306763 0.562433
-0.613108 -0.225664 0.757083
0.348632 -0.882342 0.316115
0.706096 -0.299982 0.641435
-0.527438 -0.544597 0.652091
-0.76051 -0.242928 0.602172
-0.548866 -0.0587453 0.833843
0.0644386 -0.329627 0.94191
0.656613 -0.743535 0.126554
-0.929806 0.216184 0.297869
0.637144 -0.703023 0.315923
0.904501 0.426453 0.00384394
0.325335 -0.100081 0.940288
0.147649 0.425929 0.892628
0.881609 -0.466213 0.0735618
0.620922 -0.169691 0.765285
0.782091 -0.622978 0.0152359
0.19262 -0.456447 0.86865
0.651353 -0.47907 0.588414
0.0322834 -0.993692 0.107394
-0.270859 0.476855 0.836209
-0.490144 0.609664 0.622952
-0.360965 0.746413 0.559081
0.827101 -0.202337 0.52437
0.767472 -0.606199 0.20859
-0.9813 -0.133957 0.138221
-0.248063 -0.66546 0.704008
-0.314075 -0.3743 0.8725
-0.874334 -0.465889 0.135971
-0.250073 0.923587 0.290603
0.870233 0.176935 0.45977
0.327045 0.46021 0.825378
-0.974364 0.0431016 0.220811
-0.135769 0.611545 0.779474
0.30442 0.816036 0.491339
0.198958 -0.95595 0.215813
-0.185439 0.742989 0.643102
-0.215744 0.312679 0.925033
0.734574 -0.553169 0.392944
-0.71783 0.239703 0.653654
-0.718136 -0.0753661 0.69181
0.493628 -0.526743 0.692006
0.481962 -0.775004 0.408757
0.00254422 -0.498272 0.867017
0.00109294 0.720195 0.693771
0.12886 -0.615964 0.777164
0.419553 0.882009 0.214558
-0.926256 -0.289914 0.24083
-0.70469 0.689497 0.167352
-0.0458505 0.836976 0.545315
0.316247 -0.56354 0.763158
0.368919 -0.920825 0.126409
