-0.381891 0.911457 0.152987
0.484265 0.844046 0.230377
-0.290417 0.895708 0.336697
0.575511 -0.514303 0.63583
-0.908436 -0.236063 0.344989
0.371316 0.125723 0.919956
0.435788 0.799432 0.413517
-0.0787945 0.768351 0.63516
0.97523 0.197617 0.0993663
-0.449468 0.661102 0.600769
0.853568 0.499298 0.148739
-0.987607 0.156811 0.00659457
0.61288 -0.239634 0.752963
-0.602792 -0.740509 0.297133
0.757903 0.40435 0.511941
-0.0303622 -0.22091 0.974821
-0.947158 0.264433 0.181569
-0.998996 -0.0365177 0.0259623
-0.55088 0.828033 0.104365
-0.612078 0.565535 0.552749
-0.920738 0.171448 0.350497
-0.547532 0.711524 0.440388
0.914103 -0.233975 0.331166
0.149648 0.528277 0.83578
0.868149 0.281637 0.408654
0.00987249 0.869235 0.4943
0.791951 0.210673 0.573089
-0.437433 -0.667593 0.602472
0.142341 -0.131381 0.98106
-0.972752 -0.230385 0.0260073
-0.200527 -0.304662 0.931112
-0.0431925 0.513058 0.857266
-0.619086 0.106353 0.778088
-0.459077 0.163011 0.873313
-0.150551 0.140638 0.978548
-0.375303 0.79356 0.478968
0.194899 -0.937911 0.286946
0.18463 0.058599 0.98106
-0.314758 0.040628 0.948302
0.820665 0.461584 0.336824
0.946624 0.149247 0.285707
-0.463564 -0.769739 0.438874
-0.295233 0.257018 0.920206
-0.371782 -0.358838 0.856162
0.68242 0.139721 0.717483
0.190385 0.967567 0.166033
0.401059 -0.771393 0.49407
-0.111282 -0.854042 0.508162
-0.880308 0.446503 0.16029
0.0736304 0.372875 0.924956
-0.0590914 -0.434399 0.89878
0.269732 -0.434481 0.859343
0.618884 0.511336 0.596253
0.495809 -0.126127 0.859224
-0.71481 -0.683878 0.146141
0.126946 0.775551 0.618389
0.154397 -0.986548 0.0537043
0.582465 -0.812817 0.0079387
-0.481015 -0.0303575 0.876187
-0.340257 -0.169316 0.924964
-0.0751128 -0.599447 0.796882
-0.281414 -0.777057 0.563017
0.752838 -0.656608 0.0458245
0.741105 0.6245 0.246501
0.546317 0.252819 0.798512
0.66354 -0.0518297 0.746344
-0.401483 -0.536808 0.742057
0.284549 -0.251855 0.924987
-0.279889 -0.93644 0.211522
-0.936159 -0.0225702 0.350852
-0.871543 0.359028 0.333934
0.427173 -0.490494 0.759565
-0.116342 0.332033 0.936065
0.693869 -0.36029 0.623488
-0.752076 0.0199722 0.658774
-0.34058 0.579841 0.740128
0.0486061 -0.909795 0.412201
-0.762536 0.442681 0.471777
0.600338 0.726821 0.333654
0.447269 -0.313374 0.837703
0.512265 0.435387 0.740285
-0.0797635 0.996796 0.00596372
-0.511334 0.494066 0.703162
0.220258 0.246285 0.943838
-0.831553 -0.529199 0.168725
0.946698 -0.0424601 0.31931
-0.40992 -0.90949 0.0692307
-0.726657 -0.488915 0.48263
-0.235622 -0.496371 0.835523
-0.196443 0.96377 0.180437
-0.271278 0.962501 0.000773097
-0.568532 0.294049 0.768314
0.338338 0.503464 0.795017
0.0935585 -0.683882 0.723569
-0.743832 -0.185167 0.642205
-0.470191 0.828146 0.305115
0.0378764 0.661754 0.748764
-0.858685 -0.12515 0.496989
0.6945 0.577258 0.429468
-0.90029 -0.435102 0.0128339
0.330907 -0.0635509 0.941521
0.111608 -0.346733 0.9313
0.367442 0.924935 0.0973722
-0.86044 0.0693152 0.504815
-0.979865 0.0725828 0.186001
0.708182 -0.504666 0.493752
0.224728 0.853883 0.469447
0.915573 0.332121 0.226766
-0.725444 0.212726 0.654583
-0.69912 0.603819 0.382929
0.909077 -0.369817 0.191873
-0.631703 0.732593 0.253495
0.97085 -0.185892 0.151308
-0.823614 0.566857 0.0182284
-0.407595 0.386109 0.827518
-0.633124 -0.087561 0.769082
-0.00279036 0.982888 0.184184
-0.0825864 -0.742325 0.664931
-0.250448 -0.655861 0.712125
0.682794 -0.638638 0.354871
0.0376988 0.190003 0.98106
0 2.25514e-17 1
0.105948 0.935037 0.33835
-0.827954 0.261028 0.496344
0.630411 0.765935 0.126196
-0.682928 -0.369623 0.630069
0.229658 -0.857342 0.460674
-0.172508 -0.0881081 0.98106
-0.839988 -0.426508 0.335425
0.444316 0.601154 0.664226
0.420316 -0.643611 0.639609
-0.938538 0.345145 0.00467274
-0.0379521 -0.998923 0.0266933
-0.810698 -0.313752 0.494296
0.867992 -0.494256 0.0479702
0.379279 0.326786 0.865655
0.243044 0.653903 0.716478
0.542174 0.667938 0.50981
0.884831 0.0838733 0.458301
0.37203 -0.868394 0.32785
-0.0988053 0.933027 0.345974
0.538009 -0.768462 0.346429
0.99064 0.00714765 0.13631
0.948512 -0.316617 0.00885491
0.32182 -0.936482 0.1394
0.867956 -0.108217 0.484708
0.795559 -0.567094 0.213285
-0.664556 0.396375 0.633445
0.10087 -0.529722 0.842152
0.0770099 -0.812247 0.578208
-0.53174 -0.392438 0.750496
0.493149 -0.851873 0.176397
-0.269354 0.729229 0.629026
-0.302433 -0.868588 0.392543
0.537857 0.0629998 0.840679
-0.771949 0.602587 0.202443
0.668644 0.328203 0.667232
-0.231897 0.465502 0.854126
-0.571007 -0.81227 0.119029
-0.448184 -0.854032 0.26412
-0.189088 0.847624 0.495761
0.267538 -0.601623 0.752644
-0.972203 -0.131562 0.193681
-0.7 0.711761 0.0582716
0.763486 0.643555 0.0541028
0.64927 -0.736449 0.189977
0.312406 0.900635 0.302092
0.343909 0.742164 0.575256
0.826497 -0.437078 0.354776
0.559864 -0.6572 0.504619
0.0199624 -0.977231 0.211237
0.789608 0.0149625 0.61343
-0.230799 -0.972635 0.0266947
-0.923553 -0.338499 0.180188
-0.505375 -0.21894 0.834663
0.756885 -0.176237 0.629338
-0.575345 -0.531596 0.621598
-0.126851 -0.934796 0.331761
-0.154917 0.636059 0.755929
-0.733573 -0.598517 0.321943
-0.60863 -0.642701 0.465301
0.819945 -0.296772 0.489506
0.254378 -0.743182 0.618848
