0.123264 0.551687 0.824892
0.547826 0.139423 0.824892
-0.463862 0.79196 0.397027
-0.441226 0.374258 0.815629
0.914216 -0.0527863 0.401774
5.55112e-17 2.42861e-17 1
-0.693795 -0.613079 0.377865
-0.341872 -0.450196 0.824892
-0.767512 -0.0853535 0.635326
0.911732 0.409511 0.0323279
-0.981472 -0.178563 0.0694845
0.572068 -0.437195 0.693973
-0.877363 0.382395 0.289842
0.331235 -0.939073 0.0917888
0.099016 -0.783528 0.613416
-0.255198 -0.95179 0.170206
0.11209 0.924169 0.365167
0.606696 0.624794 0.49148
0.797285 -0.581298 0.162572
