-0.983243 -0.14986 0.103801
0.822794 0.412379 0.391093
0.813966 -0.143944 0.562796
-0.800952 0.466375 0.37546
-0.325928 -0.930464 0.167357
0.00510815 -0.786678 0.617343
0.185609 0.711744 0.677473
0.247896 -0.960738 0.124621
-0.371385 -0.408083 0.833991
-0.713686 -0.574154 0.401247
0.492099 0.249594 0.833991
-0.0369051 0.998747 0.0337898
-0.774059 -0.0492752 0.631193
-0.347216 0.805988 0.4794
0.490847 0.846151 0.207599
1.38778e-17 2.77556e-17 1
0.999367 -0.00498741 0.0352211
0.694734 -0.648442 0.311236
0.376653 -0.403226 0.833991
-0.420133 0.357697 0.833991
