-0.215501 0.888511 0.405102
-0.686561 0.569751 0.451684
-0.396006 -0.377278 0.837162
-0.0198944 -0.76212 0.64713
0.410357 -0.865653 0.286797
0.788999 -0.0762299 0.609647
-0.521873 0.17934 0.833958
-0.833759 -0.225217 0.504106
-0.0804415 0.541007 0.837162
-0.870498 -0.492171 0.00105405
-0.997238 0.0629327 0.0394343
0 6.07153e-18 1
0.375784 -0.397425 0.837162
0.192868 0.981181 0.00920839
0.84213 -0.506993 0.183783
-0.12616 -0.983207 0.13186
0.99541 0.0345296 0.0892602
0.332171 0.782989 0.525919
0.444918 0.318132 0.837162
0.788652 0.462515 0.405102
-0.551046 -0.725445 0.412405
