5.55112e-17 0 1
-0.511168 0.14472 0.847209
-0.412781 -0.786755 0.458942
0.108937 -0.93141 0.347287
0.778962 0.336933 0.528862
0.985315 0.164459 0.0458994
0.253769 0.9667 0.033062
0.566243 -0.658565 0.495643
0.366881 0.694121 0.61935
-0.730637 -0.682506 0.0188482
-0.789586 -0.382808 0.479596
-0.985325 -0.170493 0.00822418
0.529747 -0.0400677 0.847209
0.72329 0.683052 0.101446
0.872719 -0.201325 0.444781
-0.883913 0.160387 0.439289
-0.57559 0.605846 0.549224
-0.512672 0.856911 0.053582
-0.372277 -0.390317 0.842058
-0.11606 0.891912 0.437061
-0.106258 0.521057 0.846882
0.168729 -0.503754 0.847209
