0.512613 0.676412 0.528862
-0.833022 -0.379273 0.402772
0.833398 0.5438 0.098637
-0.999955 0.00294575 0.00901136
0 3.29191e-17 1
0.00383346 -0.95039 0.311037
-0.477654 -0.232558 0.847209
0.466506 -0.884377 0.0158105
0.446801 -0.712617 0.540875
-0.489319 0.727256 0.481316
0.513567 -0.135965 0.847209
-0.420003 -0.706852 0.569173
0.0871394 0.524065 0.847209
0.0241286 -0.530712 0.847209
-0.425729 0.317792 0.847209
-0.840609 0.161539 0.516994
0.998752 0.0189249 0.0462305
0.422565 0.906019 0.0238321
0.834115 -0.330981 0.441253
0.81397 0.212427 0.540674
-0.478185 -0.87703 0.0464523
0.0268259 0.911799 0.409759
-0.841934 0.529392 0.104362
