0.31156 0.430311 0.847209
-0.760924 0.648788 0.00826379
-0.0769006 -0.873028 0.481569
-0.588788 -0.665602 0.458589
0 0 1
0.105362 0.862046 0.495758
-0.785666 0.359912 0.503182
0.862117 0.160685 0.480557
-0.247809 -0.469923 0.847209
0.88686 0.462038 0.000845707
0.996817 -0.0797103 0.00134074
-0.861227 -0.508204 0.00407219
0.525278 -0.0794992 0.847209
0.28933 -0.57291 0.766852
0.447179 -0.839386 0.30897
0.764631 -0.42299 0.486229
-0.531239 0.00468149 0.847209
-0.239489 0.474217 0.847209
-0.43887 0.785552 0.436234
-0.988788 0.145729 0.0325909
0.614457 0.653404 0.44216
-0.141063 0.989842 0.0177144
0.406224 0.913773 0.00121768
-0.869729 -0.189528 0.455687
