-0.0632216 0.516005 0.854249
0.396887 0.675693 0.621224
0.54044 0.194129 0.818681
-0.479145 -0.201687 0.854249
-0.559574 0.32429 0.762701
0.725044 0.661184 0.192735
0.404086 -0.327066 0.854249
0.804874 -0.331073 0.492512
0.891609 0.195172 0.408584
-0.0800444 -0.563872 0.821974
-0.999991 0.00109859 0.00415563
0 3.24735e-17 1
-0.851723 -0.523958 0.00603659
-0.455739 -0.88873 0.0496059
-0.611734 0.790923 0.0149213
0.986944 -0.16048 0.0137118
-0.390351 0.768591 0.506848
-0.526345 -0.661474 0.534241
0.759366 -0.648087 0.0578491
0.0698718 0.953416 0.293456
-0.0536065 -0.910874 0.409189
-0.852479 0.414718 0.318258
-0.852581 -0.236739 0.465897
0.452541 -0.740863 0.496315
0.313454 -0.949483 0.0151368
