0.452548 -0.255848 0.854249
0.313173 -0.7907 0.526038
-0.0177559 0.97808 0.207469
0.770883 0.536541 0.343311
0.329661 0.760799 0.559025
0.435568 0.283793 0.854249
-0.996384 0.0849511 0.00111914
-0.817522 0.462607 0.343004
0.589211 -0.805576 0.0622685
-0.578263 0.815762 0.0120396
-0.0512174 0.517334 0.854249
-0.895321 -0.445409 0.00348042
0.0834913 -0.9949 0.0566032
-0.221353 -0.849865 0.47826
0.989321 0.133933 0.0574926
0.748142 -0.477614 0.460618
-5.55112e-17 0 1
-0.399632 0.75625 0.518054
-0.533688 -0.844832 0.037894
-0.543219 0.307289 0.781336
0.824355 0.0467682 0.564138
-0.0188524 -0.519521 0.854249
0.483524 0.874604 0.0356769
-0.675039 -0.557218 0.483559
-0.855772 -0.0482774 0.515096
-0.46979 -0.22261 0.854249
