-0.26091 -0.425173 0.866691
0.699546 0.714546 0.00772711
0.916259 -0.199196 0.34755
-0.839849 0.185186 0.510255
0.794846 -0.604603 0.0517098
0.312201 0.389071 0.866691
-0.14482 -0.986718 0.0735909
0.617469 -0.575904 0.535787
0.44916 -0.217029 0.866691
0.730366 0.165039 0.662818
0.143812 -0.69925 0.700262
-0.0975586 0.839321 0.534811
-0.199641 0.457154 0.866691
0.931829 0.298426 0.206487
-0.960468 -0.202408 0.191134
-0.56572 0.621621 0.541801
-0.960018 0.279859 0.00664678
-0.338445 -0.790629 0.510255
0 -5.55112e-17 1
-0.704621 -0.362056 0.610266
-0.240716 0.968982 0.0559466
0.328096 -0.906761 0.264836
-0.692716 0.719408 0.0509585
0.274237 0.942373 0.191642
-0.497584 0.0354353 0.866691
-0.723794 -0.663016 0.191134
0.566953 0.652436 0.502882
