0.993091 -0.0193806 0.115732
0.516999 0.855118 0.0385428
-0.973458 0.121903 0.193697
-0.338612 0.366317 0.866691
0.104134 0.935338 0.338082
-0.638695 -0.751379 0.165827
-0.933634 -0.358146 0.00772711
0.307525 -0.943371 0.124414
-0.197759 -0.979942 0.0245776
-0.806027 0.589535 0.0526167
0.87195 0.481751 0.0872857
-0.730746 0.423228 0.535619
0.807061 -0.2887 0.515078
-0.0364821 -0.864495 0.501315
0.539771 0.663862 0.517625
0.736025 -0.657575 0.160815
-0.823174 -0.263192 0.503105
0.439946 -0.682981 0.583081
-0.404899 0.913874 0.0298571
-0.022834 -0.498322 0.866691
0.422825 0.264698 0.866691
0.430753 -0.251591 0.866691
-0.481655 -0.129824 0.866691
-1.11022e-16 2.77556e-17 1
-0.352841 0.774909 0.524423
0.0856178 0.64154 0.762296
-0.468723 -0.615123 0.633974
0.815047 0.227278 0.532957
