0.188283 -0.982045 0.0116848
-0.511604 0.858409 0.037355
0.886036 -0.461795 0.0410459
0.193895 0.792413 0.578348
-0.335309 -0.680777 0.651237
0.989034 0.0234327 0.145815
-0.968591 -0.236751 0.0760232
-0.459473 -0.171462 0.871484
0.464454 -0.157472 0.871484
-0.27248 -0.937061 0.218338
-0.0391105 0.984477 0.171099
-0.745008 -0.409373 0.526666
-0.962643 0.270577 0.0102921
-0.0813418 0.483631 0.871484
-0.706917 -0.698392 0.111879
0.566482 -0.775492 0.278766
0.789597 0.122374 0.6013
-0.74538 0.554916 0.369428
0.865227 0.500624 0.0275283
0.762141 -0.378156 0.52549
0.0770605 -0.484515 0.871382
0.405794 0.345468 0.846158
0.454069 0.884159 0.109931
0.125481 -0.845617 0.518831
-0.549977 0.317457 0.772494
-0.322821 0.778971 0.537578
-0.878771 0.0764753 0.471076
0 -2.77556e-17 1
0.648848 0.593187 0.476576
