-0.330995 0.943616 0.00551027
0.130118 0.978108 0.162403
0 0 1
-0.375535 0.798944 0.469747
0.174262 -0.809602 0.560515
0.0943608 0.786636 0.610164
-0.664589 0.431302 0.610164
-0.451545 -0.404578 0.795251
-0.814396 -0.0801678 0.574745
-0.733339 -0.53568 0.418642
0.241029 0.407581 0.880785
0.857301 -0.182835 0.481255
0.470134 -0.278449 0.83752
0.644654 0.168257 0.745728
0.0243196 -0.472891 0.880785
0.614552 -0.605832 0.505265
-0.935323 0.257123 0.24302
0.875956 0.407862 0.257585
-0.312559 -0.789265 0.528552
0.865268 -0.490747 0.102367
-0.235384 0.502752 0.831766
0.99883 -0.0250544 0.0413638
0.552384 0.612546 0.565384
0.430473 -0.889608 0.152612
-0.0557931 -0.986178 0.156015
-0.727725 0.677525 0.10666
-0.967193 -0.217241 0.131695
-0.467393 0.0759038 0.880785
0.592228 0.797489 0.11523
-0.531983 -0.841357 0.0954592
