0.392891 -0.306018 0.867173
-0.799107 -0.205577 0.564949
-0.741478 -0.597468 0.305356
0.948281 0.140147 0.28482
-0.951768 0.136264 0.2749
0.816754 0.56431 0.120276
-0.961014 -0.273843 0.0382244
-0.203246 -0.850931 0.484363
0.429242 0.165722 0.887856
0.392466 0.762438 0.514449
0.23089 -0.736874 0.635379
-0.463577 -0.0963019 0.880808
-0.0555964 -0.456751 0.887856
-0.785173 0.576811 0.225373
0.465572 -0.851738 0.240386
-0.0676436 0.871084 0.486453
0.700029 0.40932 0.585163
0.920504 -0.327224 0.213536
-0.482053 -0.532008 0.696127
-2.77556e-17 0 1
-0.705623 0.248062 0.663748
0.0113263 0.999235 0.0374209
0.133002 0.531632 0.836467
0.469275 0.880846 0.0623779
0.75325 -0.0866288 0.652004
-0.430176 0.887155 0.167046
0.648815 -0.535045 0.541078
-0.480745 0.658696 0.578795
-0.300639 0.348322 0.887856
0.0359463 -0.994229 0.101077
-0.427417 -0.901321 0.0702423
