-0.148796 0.936046 0.318871
0.738 -0.403672 0.540745
-0.922577 0.363521 0.129243
-0.238436 -0.968388 0.0732981
0.350366 -0.667822 0.656702
0.0127794 -0.451838 0.892008
0.769045 0.0511628 0.637144
-0.948944 -0.0643113 0.308819
0.225978 -0.969909 0.0906156
0.434876 -0.259662 0.862241
0.594548 0.521337 0.612144
-0.878705 -0.472385 0.0687729
0.403829 0.203083 0.892008
-0.0205643 -0.88017 0.474213
-0.733437 -0.396455 0.552172
0.892343 -0.439253 0.103829
0.888946 0.349121 0.296462
0.596137 -0.755368 0.272104
-0.357995 -0.63754 0.682189
0.999969 0.0024741 0.00751109
0 5.14996e-19 1
0.272575 0.831225 0.484529
-0.705554 0.476782 0.524283
-0.361216 0.271743 0.892008
-0.716522 0.0451108 0.696105
-0.586507 -0.754407 0.294752
-0.575904 0.790827 0.207187
0.110686 0.557057 0.823065
0.647241 0.734835 0.202723
-0.311042 0.675905 0.668136
-0.392445 -0.224294 0.892008
0.224582 0.97343 0.0446906
