-0.65022 -0.479025 0.589702
-0.231955 -0.564955 0.791848
-0.360343 0.718194 0.595274
0.521474 0.818091 0.242471
0.708389 -0.354627 0.610266
0.0452433 0.880442 0.47199
-0.719432 -0.6723 0.17444
0.94693 0.0884032 0.309045
0 -5.55112e-17 1
-0.917841 -0.278674 0.282681
-0.00704916 0.557156 0.830378
0.407504 -0.171993 0.896861
-0.699315 0.402757 0.590546
0.150348 0.987669 0.043645
0.396748 0.652054 0.646078
0.905474 0.424351 0.00664748
-0.660601 0.706068 0.255095
0.498548 -0.730585 0.466578
-0.380366 -0.812595 0.441602
0.913168 -0.352163 0.205194
-0.766941 -0.0433138 0.640254
-0.284418 0.944122 0.166552
-0.411724 -0.161621 0.896862
-0.943074 0.174522 0.283115
-0.149579 -0.984587 0.0906321
0.302572 -0.947361 0.104675
0.344182 0.277467 0.896968
0.710641 0.0999525 0.696418
-0.370413 0.290162 0.882383
0.692158 -0.719555 0.0561916
0.0675311 -0.871614 0.485518
0.221882 -0.572077 0.789618
0.760596 0.483053 0.433766
