0.785669 0.0325261 0.617792
-0.568259 -0.820957 0.0557776
-0.571521 0.425175 0.701848
0.725222 0.667748 0.167829
-0.973996 -0.144288 0.174679
-0.756986 0.570023 0.319448
0.400478 0.798856 0.448828
-0.472103 -0.62885 0.617792
-0.168779 0.403684 0.899196
-0.240184 -0.905233 0.35052
0.187511 -0.956433 0.223775
0.437539 -0.00249308 0.899196
0.0128984 0.743464 0.668651
-0.788394 -0.528153 0.31542
0.922974 0.277055 0.267133
-2.77556e-17 1.38778e-17 1
0.278789 0.416161 0.865498
0.202313 -0.387964 0.899196
0.60626 -0.369958 0.703974
0.563549 -0.825928 0.0159966
-0.427884 0.902064 0.0565387
0.38632 -0.733609 0.559085
0.645663 0.459082 0.610215
-0.245937 -0.361887 0.899196
0.330972 0.943183 0.0293676
-0.437696 0.0441131 0.89804
-0.0420039 0.95942 0.278834
0.755026 -0.567167 0.329026
-0.396242 0.778344 0.487004
0.952085 -0.170807 0.253691
-0.0388016 -0.711269 0.701848
-0.853988 0.139571 0.501222
-0.697811 -0.244669 0.673199
-0.958254 0.283304 0.0385704
