-0.769305 -0.0187791 0.638606
-0.596321 0.407863 0.691411
0.186138 0.739546 0.646858
-0.0241048 -0.937088 0.348261
0.983488 -0.00884116 0.180757
0.195498 -0.384686 0.902107
-0.997789 0.0113802 0.0654817
-0.252047 -0.348312 0.902857
5.55112e-17 0 1
0.56863 0.700446 0.431318
0.386836 -0.901767 0.192806
0.735062 -0.676612 0.0433733
-0.425617 0.060823 0.902857
0.199281 0.380968 0.902857
-0.715776 0.675121 0.178539
0.702877 0.711217 0.0116184
0.848759 -0.389365 0.357775
-0.0559637 -0.695983 0.715874
-0.379307 0.924368 0.0408781
0.810314 1.52673e-05 0.585996
0.595407 -0.361693 0.717405
0.429935 0.00233023 0.902857
-0.415145 -0.776817 0.473509
0.855676 0.374196 0.357485
0.340429 0.930848 0.132779
0.366687 -0.71721 0.59258
0.597452 0.363949 0.714558
-0.877293 0.310392 0.366079
-0.612336 -0.431014 0.662776
-0.196918 0.550899 0.811008
-0.0512167 0.940909 0.334765
-0.360862 -0.930425 0.0639432
-0.886389 -0.317777 0.336649
-0.420489 0.760775 0.494378
-0.712286 -0.682997 0.161754
