-0.326837 -0.267624 0.906397
0.274879 -0.930492 0.242127
-0.200517 -0.645266 0.737173
-0.406852 -0.91074 0.0708861
0.615834 -0.696196 0.368861
0.413369 -0.0870104 0.906397
-0.95988 -0.273835 0.0603775
0.753518 0.0103466 0.657345
0.205172 -0.74981 0.629039
-2.77556e-17 0 1
0.986244 -0.160173 0.0408309
0.587747 0.751512 0.299638
-0.12697 -0.907313 0.400827
0.93758 0.188641 0.292163
-0.516581 -0.726538 0.453086
-0.752238 -0.651555 0.0980519
0.119332 -0.405788 0.906143
-0.386828 0.169732 0.906397
-0.395095 0.562906 0.725973
-0.0281416 0.421489 0.906397
0.393819 0.341938 0.853221
-0.843024 0.508712 0.174704
-0.741582 0.357966 0.567377
0.82714 -0.561767 0.0160371
-0.679993 -0.0932728 0.727262
0.201292 0.942987 0.265059
-0.800298 -0.399933 0.44674
0.847799 -0.333549 0.412288
0.316071 0.706379 0.633347
-0.543708 0.75448 0.367615
-0.219998 0.960907 0.168102
-0.0935071 0.824139 0.558616
0.516611 -0.463529 0.719899
0.704159 0.430142 0.564923
0.848948 0.527133 0.0376554
-0.923025 0.0102903 0.384601
