-0.492686 0.775144 0.395489
0.407602 -0.0808685 0.909572
-0.654227 -0.238482 0.717714
-0.138401 0.958722 0.248391
-0.625268 -0.777762 0.0642389
-0.381389 -0.829095 0.408833
1.38778e-17 -5.55112e-17 1
-0.151095 -0.668463 0.728236
0.60365 -0.69687 0.387271
-0.931282 0.267097 0.247735
-0.246738 -0.968607 0.0303329
-0.705781 -0.555784 0.439293
0.831899 0.311031 0.459569
0.551713 0.297408 0.779205
-0.162369 0.733438 0.660079
0.223341 0.567311 0.792639
-0.506855 0.489084 0.709855
-0.144846 0.389486 0.909572
0.132748 -0.405346 0.904473
0.566127 0.636835 0.523395
0.20313 0.853927 0.479111
0.660208 0.741111 0.121983
-0.91521 -0.147995 0.374819
0.397439 -0.913677 0.0850651
0.294249 0.952731 0.0756364
0.980372 0.0114 0.196826
0.912447 0.405764 0.0528822
-0.891816 -0.446499 0.0728171
-0.442798 0.0865202 0.892437
-0.280802 -0.306316 0.909572
0.553585 -0.429023 0.713781
-0.764273 0.161551 0.624331
0.0506845 -0.941283 0.333791
0.857107 -0.355693 0.372625
0.751964 -0.0572083 0.656717
-0.767614 0.632398 0.104122
0.259946 -0.726638 0.635944
