-0.410719 0.0631596 0.909572
0.734784 0.548158 0.399517
0.506623 -0.467472 0.724433
-0.567695 0.407398 0.715367
0.793549 -0.603483 0.0780234
-0.550584 -0.825003 0.127384
0.650609 0.269839 0.709855
-0.828142 -0.335344 0.449139
0.931336 -0.248077 0.26659
-0.225748 -0.585623 0.778514
-0.163531 -0.985074 0.0537328
-0.83953 0.378707 0.389577
0.546812 -0.736751 0.397737
0.242866 0.968402 0.0566959
0.403113 0.813626 0.418942
-0.1401 0.391218 0.909572
0.14697 0.67081 0.726921
1.38778e-17 -5.55112e-17 1
0.277253 0.309532 0.909572
0.912085 0.162293 0.376513
-0.00846967 0.918187 0.396056
-0.270687 0.705681 0.654784
-0.326493 0.938248 0.114426
0.16367 -0.735406 0.657563
-0.586661 0.720102 0.370515
0.190203 -0.939365 0.285335
0.426244 -0.0886788 0.900251
-0.761537 0.0350656 0.647172
-0.793157 0.608813 0.0157883
0.757893 -0.135388 0.638176
0.891945 0.451852 0.0162651
-0.847552 -0.526134 0.069561
-0.190057 -0.866639 0.461319
-0.971479 0.00428238 0.237089
-0.55375 -0.653215 0.516402
0.130797 -0.394426 0.909572
0.623858 0.779452 0.0570578
-0.552527 -0.313533 0.772276
