0.38683 -0.820276 0.421319
-0.858529 -0.31393 0.405434
0.474617 0.813444 0.336227
-4.16334e-17 0 1
0.264193 -0.963633 0.0401817
0.185649 0.745048 0.640654
-0.213353 0.637101 0.740664
0.959138 0.201123 0.199008
-0.579147 -0.386619 0.717714
0.900664 -0.429986 0.0625797
-0.520327 0.34555 0.780932
-0.259899 0.965565 0.0117055
-0.898666 0.435863 0.0492171
0.640623 -0.25755 0.723375
0.756021 0.504877 0.416571
-0.13952 0.899434 0.414188
0.0993132 0.403505 0.909572
-0.77126 -0.623646 0.127375
-0.0276969 -0.913869 0.405063
-0.446824 -0.847174 0.28748
0.124667 -0.677978 0.724433
-0.294453 -0.696189 0.65469
-0.752093 0.0104859 0.658974
-0.159152 -0.987227 0.00732547
0.423283 0.0728839 0.903061
-0.637557 0.77017 0.0189326
0.485931 0.46154 0.742194
-0.156876 -0.384798 0.909572
0.639688 -0.765742 0.0666292
-0.413065 -0.0453509 0.909572
-0.965203 0.0682593 0.252435
0.751995 0.144941 0.643037
0.901143 -0.169728 0.398916
0.263618 -0.321225 0.909572
-0.529958 0.730398 0.430887
0.71676 -0.551985 0.426107
0.152133 0.981556 0.115774
-0.794013 0.397822 0.459653
0.739385 0.672773 0.0261983
