0.410951 0.0452702 0.910533
-0.992677 0.116935 0.0302958
-0.645227 -0.0442599 0.762708
-0.657322 0.365648 0.65896
0.744895 -0.657003 0.116098
0.762316 0.354281 0.541626
-0.111782 -0.904698 0.411129
-0.308092 0.603072 0.735787
0.0829413 -0.405032 0.910533
-0.316626 -0.265854 0.910533
-0.60707 0.794597 0.00897669
0.207257 0.932946 0.294375
0.54743 0.834475 0.0630292
-0.746742 -0.658081 0.0964656
0.56801 -0.653479 0.500329
-0.00302314 -0.999903 0.0135838
-0.858609 0.422645 0.290107
0.428816 0.448564 0.78416
0.523935 0.71214 0.467278
-0.222747 -0.639485 0.735828
-0.946853 -0.28828 0.142703
-0.405311 -0.907948 0.106555
-0.771707 -0.366574 0.519703
-0.186568 0.878904 0.438999
0.487501 -0.360677 0.795144
0.300616 -0.907546 0.293241
-0.571521 0.704511 0.420748
-0.349962 0.220129 0.910533
-0.533734 -0.710824 0.458101
0.970944 -0.239236 0.00576871
0.183252 -0.729759 0.658689
0.847999 -0.354886 0.39364
0.0267344 0.412572 0.910533
-0.900863 0.0268512 0.433272
0.948857 0.0524627 0.311315
5.55112e-17 2.42861e-17 1
-0.206243 0.978093 0.0282563
0.74354 -0.0493235 0.66687
0.860715 0.485914 0.15185
0.142463 0.735231 0.662676
