-0.0535502 0.665433 0.744534
0.809269 0.0623893 0.584116
-0.73945 -0.106623 0.664714
0.409805 -0.873288 0.263493
0.793924 0.442747 0.416725
0 2.77556e-17 1
0.179234 0.365139 0.913536
0.568364 0.76915 0.292182
0.258205 -0.384578 0.886245
-0.564335 0.815341 0.129403
0.56098 0.35231 0.749119
-0.102856 -0.719694 0.68663
0.00785799 -0.93706 0.34908
-0.183421 0.97848 0.0945139
0.971941 0.149695 0.181444
-0.235318 0.331778 0.913536
-0.74387 -0.544858 0.387024
-0.990816 0.129584 0.0386229
-0.622147 -0.780077 0.0664265
-0.851218 0.519911 0.0715563
0.059948 0.903971 0.423371
0.406747 0.00287258 0.913536
0.631612 -0.288305 0.719685
-0.156642 -0.375386 0.913536
-0.610148 0.281238 0.740692
-0.409957 -0.0456104 0.910964
0.346893 0.690105 0.635153
-0.518652 -0.453889 0.724558
-0.252599 -0.967215 0.0262407
0.897466 -0.269307 0.349326
-0.877965 0.20825 0.431056
-0.885501 -0.464631 0.00238555
-0.418667 -0.80069 0.428501
0.858811 0.512155 0.0118802
0.664301 -0.599759 0.446087
-0.340784 0.808385 0.47998
-0.683935 0.575655 0.448168
0.824133 -0.562772 0.0639709
0.252953 0.965602 0.0602213
-0.934184 -0.184202 0.305566
0.309344 -0.710071 0.632539
