-0.700003 0.713594 0.0279033
-0.927127 0.373056 0.0355525
-0.485157 0.550111 0.679706
-0.0904442 -0.395614 0.913953
-0.178318 -0.739127 0.649534
0.987024 0.160432 0.00664713
-0.115569 -0.984254 0.133746
-0.69543 -0.716759 0.0513242
-0.933934 -0.243904 0.261301
-0.310663 0.950424 0.0135233
0.941151 -0.0928978 0.32497
0.621468 -0.373992 0.688409
-0.084712 0.924859 0.370755
0.744649 0.0158664 0.667267
-0.475502 0.803462 0.358256
-0.765877 0.515979 0.383664
0.113989 0.389626 0.913892
0.139751 -0.887629 0.438845
0.096259 0.995303 0.0103425
0.423332 0.121941 0.897731
0.617403 0.404926 0.674424
0.552333 0.833623 0.000607969
-0.104017 0.696485 0.709993
0.303259 0.667396 0.680159
-0.896406 0.130017 0.423735
-0.754535 -0.196304 0.626212
0.298387 -0.267492 0.916195
-0.384977 -0.111263 0.916195
0.634751 -0.765876 0.102588
-0.433224 -0.83333 0.343334
0.662078 0.66012 0.354815
0.506125 -0.711507 0.487438
-0.639276 0.177082 0.74831
-0.473731 -0.471765 0.743651
-0.718217 -0.550972 0.424963
-0.281791 0.284922 0.916195
0.875205 0.310925 0.370596
0.32122 0.885977 0.334458
5.55112e-17 0 1
0.203049 -0.629351 0.750126
0.280575 -0.959248 0.0334744
0.809262 -0.480244 0.338322
