0.768408 -0.515111 0.379748
0.473 -0.59195 0.652585
0.996891 0.0776151 0.0135572
0 4.27176e-17 1
-0.420169 0.897611 0.133242
-0.189138 0.35329 0.916195
0.141588 -0.480442 0.865522
-0.855616 -0.51733 0.0170898
0.0280801 0.999522 0.0129014
-0.233909 -0.325381 0.916195
0.874441 0.272635 0.401278
-0.958208 -0.0197843 0.285389
-0.601491 -0.309059 0.736676
-0.17504 -0.685624 0.706598
0.944571 -0.328292 0.00299145
0.733849 -0.679284 0.00630083
0.492863 -0.813448 0.30885
-0.593767 0.678578 0.432404
-0.558433 0.393511 0.730275
0.922957 -0.13194 0.361584
0.66238 0.158236 0.732266
0.282397 0.821987 0.49456
0.309911 0.257985 0.915095
0.668045 0.666747 0.330401
0.115828 0.597356 0.793568
-0.849077 0.362123 0.384623
0.412723 0.903552 0.115123
0.503842 0.532121 0.680434
0.13215 -0.857373 0.497441
-0.253043 -0.896243 0.364304
0.691365 -0.246662 0.679096
-0.102841 0.91447 0.391367
-0.827553 -0.388938 0.404824
-0.446304 0.0354989 0.894177
0.372983 -0.146528 0.916195
0.0538938 -0.992358 0.111002
0.881923 0.469484 0.0423848
-0.585812 -0.797332 0.145209
-0.541511 -0.655311 0.526624
-0.269498 0.679565 0.682322
-0.961572 0.27455 0.000844433
-0.766671 0.052816 0.639864
-0.772428 0.631552 0.0670568
