0.387051 0.0790863 0.918661
-0.987218 -0.123812 0.10036
0.325745 0.944516 0.0421959
0.935989 0.128767 0.327632
-0.28799 -0.826959 0.482909
-0.846727 -0.342601 0.407034
0 -2.77556e-17 1
-0.515789 0.614938 0.596501
0.739678 0.0551333 0.670699
-0.659613 0.256004 0.706663
0.910163 0.41197 0.043406
-0.531801 -0.846868 0.00130925
-0.172917 -0.976595 0.127912
0.541224 -0.271361 0.79589
0.255841 0.676309 0.690761
-0.758439 0.590004 0.276885
-0.232746 -0.324399 0.916839
-0.89241 0.0547639 0.447891
0.117416 0.911076 0.395164
-0.0545965 -0.649747 0.758188
-0.953738 0.276461 0.118126
-0.349732 0.8739 0.33762
-0.850134 -0.524337 0.0484042
0.770364 0.484763 0.414178
0.116276 0.3763 0.919172
-0.391266 0.0450888 0.919172
-0.678674 -0.151903 0.718559
0.496622 0.777816 0.385186
-0.139085 0.742714 0.655004
0.674784 0.737521 0.0270108
-0.639903 -0.682999 0.352188
-0.086386 0.994526 0.0587771
0.369611 -0.619865 0.692211
0.227848 -0.968898 0.0965484
0.926992 -0.267888 0.262528
0.772187 -0.621955 0.129996
-0.506628 -0.514322 0.691954
0.487577 -0.798932 0.352102
0.16805 -0.356204 0.919172
-0.571103 0.820855 0.00620387
0.545056 0.400762 0.736413
-0.27832 0.426492 0.860606
0.110882 -0.87579 0.469784
0.704423 -0.497487 0.506255
