-0.0286211 0.484759 0.874179
0.668293 0.470327 0.576349
-0.0143817 0.78883 0.614443
0.367117 -0.13762 0.919938
-0.20586 -0.669532 0.713686
-0.879458 0.291365 0.376378
-0.641871 0.319354 0.697148
0.0978999 -0.994518 0.0367487
-0.489989 -0.750678 0.443163
0.666194 -0.275889 0.692872
-0.78464 -0.486379 0.384414
0.636993 0.117182 0.761911
-0.995093 0.081762 0.055723
6.93889e-18 -5.20417e-18 1
0.701303 0.673619 0.233264
-0.324795 0.219596 0.919938
-0.885431 0.464508 0.01567
0.711949 -0.693106 0.112842
0.3764 0.834317 0.402788
-0.367235 0.610347 0.701865
0.900715 0.330175 0.282306
-0.946446 -0.317268 0.0598463
0.881889 -0.022231 0.470932
0.44905 0.893401 0.0137443
-0.910951 -0.10694 0.398412
-0.337452 0.857428 0.388515
0.612041 -0.618319 0.493039
-0.00214596 -0.393192 0.919454
-0.348372 -0.179864 0.919938
0.153314 -0.796661 0.584659
-0.744067 -0.667437 0.029878
0.395685 -0.87585 0.276261
0.296698 0.25629 0.919938
-0.657734 0.620628 0.426857
0.0273011 0.965769 0.257962
-0.282968 0.959114 0.00534947
0.323222 0.605839 0.726971
0.355458 -0.512857 0.781426
-0.6329 0.772109 0.0573152
-0.683184 -0.0776082 0.72611
0.885783 -0.37229 0.277108
-0.546237 -0.452983 0.704579
-0.423026 -0.903855 0.0639899
-0.142948 -0.926188 0.348914
0.997373 0.00352724 0.0723466
