-0.0784207 0.769913 0.633312
-0.115346 -0.945446 0.304677
-0.890905 0.230249 0.391501
-0.327397 0.206687 0.922004
0.238052 0.87517 0.421199
0.282277 -0.617307 0.734338
-0.391768 -0.537875 0.746464
0.300728 -0.243867 0.922004
-0.338409 -0.188117 0.922004
0.598941 0.379615 0.705098
0.836543 0.385186 0.389651
0.02155 0.99339 0.112747
0.80711 -0.588155 0.0514529
-0.359718 0.932594 0.0294989
0.580098 0.679655 0.448948
0.189995 -0.980154 0.0565759
-0.683321 0.556236 0.472942
0.590878 -0.00195039 0.806759
-0.398328 0.821797 0.407413
0.295126 0.250617 0.922004
0.837287 -0.384639 0.388592
0.964206 0.262623 0.0365618
0.291008 0.626272 0.723255
0.598761 -0.383059 0.703386
0.983603 -0.119318 0.135238
0.60566 -0.704052 0.370793
-0.0366319 -0.447278 0.893645
0.250903 -0.867211 0.430108
-0.902794 -0.164487 0.397374
-0.390523 0.550388 0.737947
-0.682705 0.721697 0.114314
-0.70656 -0.487005 0.513418
0.786405 0.613577 0.0713498
-0.659644 0.242313 0.711445
-0.0774627 -0.756475 0.649419
-0.911793 0.408717 0.0397844
-0.67632 -0.152184 0.720716
-0.416563 -0.907617 0.0520325
0.48604 0.86648 0.113923
-0.929414 -0.364967 0.0546647
-0.447548 -0.779192 0.438817
-0.997695 0.0239435 0.0634885
0 2.32019e-17 1
0.865495 0.00256797 0.500911
-0.716092 -0.677583 0.167613
-0.0329633 0.467118 0.88358
