0.654965 0.613693 0.44091
-0.19305 -0.6408 0.743039
0.999951 -0.00220234 0.00963744
0 -3.25599e-18 1
-0.241953 -0.297459 0.923568
0.376351 0.86518 0.331396
-0.497365 -0.704676 0.506023
-0.011761 -0.999069 0.0415076
0.409616 -0.912258 0.000706369
-0.869193 0.489953 0.0667049
-0.384673 -0.914776 0.123337
0.921994 0.305604 0.237767
-0.890483 0.253854 0.377621
-0.262486 0.962743 0.0650166
-0.00749197 0.929543 0.368639
-0.613197 0.783697 0.0990423
-0.566769 -0.389124 0.726193
-0.701612 -0.691263 0.172904
0.776035 0.626862 0.0693816
-0.269263 0.272985 0.923568
0.12278 0.992419 0.00540245
-0.96653 -0.102269 0.23529
0.221292 -0.912769 0.343341
0.522985 -0.70467 0.479506
-0.801701 -0.0588884 0.594818
0.135025 -0.39976 0.90662
-0.156628 -0.884494 0.439475
0.494483 -0.429414 0.755705
-0.809894 -0.408827 0.420633
-0.390828 0.58023 0.714554
0.698944 -0.0995573 0.708213
0.185653 -0.712154 0.67703
-0.659685 0.29741 0.69019
-0.025064 0.717174 0.696443
0.355632 0.628204 0.692016
0.919746 -0.0550905 0.388629
-0.514057 -0.0246104 0.857403
0.0962784 0.410678 0.906683
-0.911968 -0.41026 0.000706369
-0.382398 0.827253 0.411612
0.921653 -0.369353 0.118882
0.776901 -0.407363 0.480084
0.459899 0.282454 0.84185
0.760076 0.268622 0.591715
-0.689111 0.585288 0.427274
0.372765 -0.089829 0.923568
0.706154 -0.695221 0.134217
