0.440905 -0.897076 0.0292806
0.910098 -0.0581472 0.410292
0.122092 0.362138 0.924094
0.577717 0.654929 0.487145
0.752109 -0.658965 0.00984546
-0.380927 -0.474217 0.793733
0.376276 0.0668363 0.924094
-0.46544 -0.724964 0.507734
-0.66877 -0.225896 0.708321
-0.297876 0.945341 0.132664
-0.897508 -0.0669233 0.43589
0.683236 -0.069847 0.72685
-0.145032 -0.910722 0.386718
-0.366789 -0.107313 0.924094
0.836515 0.488581 0.248056
0.0755077 0.996572 0.033809
-0.648185 -0.743586 0.164121
0.84835 -0.429452 0.309634
-0.49707 0.517643 0.696396
-0.025702 -0.3813 0.924094
-0.761635 -0.483645 0.431276
0.387684 0.889722 0.241031
-0.333619 -0.941528 0.047162
-0.993507 0.0746827 0.0858269
0.478707 0.412051 0.775276
-0.613779 0.154153 0.774282
-0.941798 -0.308553 0.133457
0.632766 -0.444829 0.633825
-0.663011 0.650792 0.369981
0.238079 0.700752 0.672506
0.0518061 -0.996752 0.061655
0.666267 0.745648 0.00984546
-0.129148 0.619523 0.774282
0.593403 -0.719676 0.360472
-0.818482 0.311738 0.482604
0.982303 0.160737 0.0961455
0 -1.9082e-17 1
0.244071 -0.890696 0.383522
-0.88584 0.447237 0.123557
-0.0763823 -0.701746 0.708321
0.0381557 0.910406 0.411952
-0.626239 0.77962 0.00410784
-0.272741 0.273997 0.922246
0.975768 -0.218672 0.0077263
0.777173 0.272866 0.567051
-0.327624 0.804844 0.494862
0.356239 -0.319546 0.878057
0.310053 -0.656394 0.68776
