0.202885 -0.635842 0.744677
0.0302338 0.860035 0.509338
-0.27553 -0.959425 0.0598893
0.78948 0.588928 0.172873
-0.140953 -0.436013 0.888833
-0.445175 0.525015 0.725382
-0.935565 0.258808 0.240286
-0.88056 -0.463167 0.100454
0.95929 0.280266 0.0348332
5.55112e-17 0 1
-0.82321 0.0912065 0.560363
-0.217361 0.301319 0.928419
-0.467877 -0.533713 0.704445
0.536402 -0.832423 0.139087
-0.151679 -0.736527 0.659182
0.157536 0.352127 0.922599
0.727265 0.0661642 0.68316
0.379082 0.851154 0.363089
0.195584 -0.978597 0.063989
-0.69653 -0.590038 0.40829
0.962572 -0.0156708 0.270574
0.314048 -0.838571 0.445166
0.76662 -0.572858 0.290046
-0.554623 0.173768 0.813755
-0.634181 0.728705 0.258464
-0.0410918 -0.933674 0.355758
0.19668 0.978853 0.0562517
0.618395 0.597699 0.510239
-0.15429 0.968145 0.197207
-0.402587 -0.827657 0.391034
0.546105 0.837377 0.02386
-0.841817 0.539741 0.00480537
-0.657782 -0.207049 0.724192
0.292781 0.658798 0.693011
-0.738841 0.454637 0.497412
0.559799 -0.256551 0.787913
-0.350436 -0.123423 0.928419
-0.0727778 0.618888 0.782101
0.816665 -0.269368 0.510391
0.850621 0.311923 0.423258
-0.623117 -0.777191 0.0877473
0.369508 0.0387631 0.928419
0.54811 -0.584026 0.598739
0.211871 -0.305204 0.928419
-0.991255 -0.0876136 0.098676
-0.343108 0.802094 0.488797
0.508934 0.358796 0.782465
0.942323 -0.329303 0.0598893
-0.872593 -0.255228 0.416462
