0.990977 0.131976 0.023405
0.572649 -0.70294 0.421839
-0.972168 0.231832 0.0337987
-0.5395 -0.294187 0.788919
-0.167617 0.330003 0.928979
-0.0392963 -0.987858 0.150309
0.368329 -0.0364793 0.928979
-0.701685 -0.711832 0.0305686
0.8717 0.467636 0.146475
-0.315715 -0.864873 0.390281
-0.860858 0.261505 0.436507
0.71294 0.479056 0.512077
-0.589354 0.806505 0.0470157
0.40144 0.915844 0.00866818
-0.0461212 -0.629863 0.775335
0.611874 -0.789878 0.0412656
-0.388347 -0.92118 0.0247746
0.84666 -0.512824 0.142053
0.776123 -0.393691 0.492585
-0.802069 -0.296281 0.518559
0.40653 0.576797 0.708547
-0.416197 0.825497 0.381227
0.183225 -0.364387 0.913045
-0.19038 -0.317415 0.928979
5.55112e-17 -1.38778e-17 1
0.0801754 0.977345 0.195879
0.628638 0.736427 0.24998
-0.891183 -0.419122 0.173581
0.0457782 -0.866617 0.496869
-0.517973 0.331057 0.788737
0.322511 0.834527 0.446713
-0.0665995 0.851853 0.51953
-0.646117 0.560216 0.518355
0.904398 0.179436 0.387126
0.209354 0.305234 0.928979
-0.323762 0.640548 0.696331
-0.960858 -0.0615372 0.27012
0.570897 0.245986 0.783306
0.322289 -0.64095 0.696644
-0.670051 -0.627526 0.396537
-0.819925 0.541945 0.184442
0.319129 -0.916241 0.242197
0.5331 -0.338614 0.775335
0.0402079 0.611957 0.789869
-0.371555 0.0130641 0.928319
0.953891 -0.16769 0.248941
0.759821 -0.0507971 0.648145
-0.406846 -0.624946 0.666273
-0.250349 0.968039 0.0150255
-0.718899 0.0264089 0.694613
