-0.832928 -0.315831 0.454403
-0.891977 -0.440176 0.103064
0.302144 -0.873169 0.382471
-0.353345 0.0627652 0.933385
0.126805 -0.718285 0.684096
0.128475 0.87031 0.475452
-0.569036 -0.496787 0.655287
-0.662768 -0.152707 0.733089
-0.363378 -0.29854 0.882514
0.509494 -0.641415 0.573588
0.655132 0.0357896 0.754666
-0.0933367 0.346526 0.933385
-0.207825 0.916672 0.341352
-0.212084 -0.608972 0.764312
-0.394486 -0.774297 0.494818
0.791782 -0.468136 0.392339
-0.694228 -0.633846 0.341007
0.807261 0.290052 0.514004
0.542625 0.382952 0.7476
0 -5.55112e-17 1
-0.859394 0.0569644 0.508131
-0.00699358 -0.358808 0.933385
-0.504101 0.700184 0.505593
-0.393574 0.486438 0.78005
0.362847 -0.101028 0.926356
-0.789298 0.592553 0.160901
0.957632 -0.23694 0.163708
0.258409 0.249033 0.933385
0.424872 0.688959 0.587213
0.704286 0.6078 0.366825
-0.975199 -0.0978452 0.19853
-0.939135 0.264806 0.218868
0.862872 -0.111245 0.493027
0.643877 -0.323832 0.693221
0.615604 -0.750081 0.241681
0.887841 0.450594 0.0932864
-0.416331 -0.896491 0.151567
-0.159819 0.737767 0.655865
0.305738 -0.951833 0.0232124
0.833661 -0.55164 0.026503
0.330088 -0.451871 0.828767
-0.7555 0.436081 0.488931
0.965243 0.121672 0.231303
-0.0527588 -0.9957 0.0761491
-0.630333 0.210581 0.747219
0.427832 0.86361 0.266717
-0.058807 -0.901511 0.428742
0.097446 0.9866 0.13086
0.142567 0.588654 0.795714
0.673538 0.738642 0.0274656
-0.519215 0.837982 0.167935
