-0.595689 -0.0909178 0.798053
0.991153 -0.119837 0.0570488
-0.640496 -0.660178 0.392339
-0.391794 0.918282 0.0570488
0.868992 -0.477423 0.13008
-0.653781 0.274715 0.705055
0.663694 -0.26803 0.698334
-0.00103757 -0.908893 0.417027
-0.880129 0.473122 0.0391059
-0.664276 0.720708 0.198286
-0.343856 0.138726 0.928719
0.219108 0.561341 0.798053
-0.0210352 0.99128 0.13008
-0.786606 0.455345 0.417027
-0.952834 0.180115 0.244266
2.77556e-17 -6.93889e-18 1
0.0889804 -0.703548 0.705055
0.5648 0.428833 0.705055
-0.325352 -0.784021 0.528637
0.423917 0.724366 0.54368
-0.251483 0.884775 0.392339
0.376582 -0.470423 0.798053
-0.516306 0.673774 0.528637
0.320433 -0.915236 0.244266
-0.0999631 0.70905 0.698037
0.332812 -0.13427 0.933385
0.108238 0.884287 0.454226
0.632401 0.735121 0.244266
0.787644 0.453548 0.417027
0.0303288 -0.998775 0.0391059
0.292068 0.228425 0.928719
-0.0501247 0.355359 0.933385
-0.599359 -0.798445 0.0570488
-0.282687 -0.221089 0.933385
0.841658 0.110247 0.528637
-0.97373 -0.171755 0.149502
0.415361 -0.729306 0.54368
-0.564089 -0.443071 0.696772
0.0517881 -0.367151 0.928719
0.635609 -0.757397 0.149502
-0.365828 0.478834 0.798053
0.597596 0.0773998 0.798053
0.711696 -0.535881 0.454226
-0.819934 -0.348406 0.454226
0.8498 0.525653 0.0391059
-0.839278 0.00493982 0.54368
-0.292014 -0.935634 0.198286
0.891979 -0.224596 0.392339
0.33812 0.929152 0.149502
-0.231768 -0.556233 0.798053
-0.847956 -0.513857 0.13008
0.956289 0.214926 0.198286
