-0.327533 0.556053 0.763889
0.791903 0.341082 0.506511
0.844502 0.501294 0.18847
0.0772158 -0.42966 0.899683
-0.930983 -0.345098 0.119074
-0.292432 0.946093 0.139253
0.956822 0.163266 0.240489
-0.220508 -0.590223 0.776539
-0.334223 0.815691 0.472169
0.507832 -0.843326 0.175804
-0.239855 -0.262823 0.934555
0.619226 0.163813 0.767935
-0.594484 0.771261 0.227476
0.52527 0.501811 0.687225
0.409851 -0.483909 0.773211
0.772156 -0.600905 0.20661
0.139913 -0.713163 0.686894
-0.481013 -0.685613 0.546407
0.301062 0.197953 0.932832
-0.344581 0.0815847 0.935205
-0.155588 -0.837774 0.523381
0.0289852 0.931135 0.363521
-0.968102 -0.0109934 0.250314
0.703256 -0.468926 0.534359
0.612212 0.687173 0.391139
0.454593 -0.728318 0.512736
0.169451 -0.907178 0.385115
0.844341 -0.0138646 0.535627
-0.0382386 0.746006 0.66484
0.645143 0.762973 0.040776
0.909308 -0.282768 0.30529
-0.634804 -0.0537885 0.770799
5.55112e-17 6.93889e-17 1
0.625089 -0.195905 0.755569
0.308099 0.763055 0.568174
-0.830609 -0.213399 0.514344
-0.095099 0.341091 0.935208
-0.60518 0.587726 0.536968
-0.807134 0.590368 0.00022782
-0.758507 -0.535682 0.371095
-0.963507 0.266822 0.021442
0.31501 -0.161748 0.935204
0.994425 -0.105376 0.00384096
-0.522505 -0.395455 0.755384
0.194865 0.525585 0.828123
-0.84465 0.429204 0.319921
0.0393936 0.999172 0.0101842
0.0845408 -0.995331 0.0465833
-0.241473 -0.951088 0.192673
-0.827552 0.146384 0.541968
0.365122 0.89988 0.238541
-0.582393 0.301992 0.754731
-0.565706 -0.796226 0.214479
