0.455815 -0.164846 0.874676
-0.264931 -0.642057 0.719427
-0.939341 -0.330624 0.0912485
0.954385 0.124362 0.271446
0.369332 0.411399 0.833274
0.639753 -0.671456 0.373984
0.334791 0.74424 0.577947
0.583671 0.802537 0.123537
0.440435 0.236684 0.866024
0.671507 0.646523 0.362059
-0.417677 -0.484227 0.768811
-0.414094 -0.870887 0.26473
-0.668197 -0.368984 0.646037
-0.286767 0.752049 0.593454
0.721245 -0.0629141 0.689817
0.601619 -0.276818 0.749284
-0.0163264 -0.886314 0.462796
-0.561827 -0.017715 0.827065
-0.755763 0.56174 0.336556
0.151398 0.94808 0.279684
0.0295509 -0.65833 0.752149
-0.960496 0.0137349 0.277954
0.400377 0.0208053 0.916114
0.431509 -0.896745 0.0982197
-0.799406 0.31581 0.511091
0.579515 0.591519 0.560596
0.518035 -0.803123 0.294335
-0.0760148 -0.686428 0.723214
-0.250922 0.829056 0.499705
0.906962 0.316143 0.278339
0.540087 0.470064 0.698101
0.910101 -0.00520973 0.414354
0.00886714 0.91308 0.407684
-0.624913 0.598289 0.501531
0.574505 0.713112 0.401765
0.157369 -0.538475 0.827817
0.107151 -0.373281 0.921509
-0.94951 0.313224 0.0179204
0.703682 0.663372 0.254498
-0.775337 0.419207 0.472353
-0.526982 0.836688 0.149141
-0.776493 0.15785 0.610034
-0.81706 -0.306083 0.488596
0.830971 -0.129372 0.541063
-0.824424 -0.131144 0.550569
0.398397 0.666654 0.629962
-0.774477 -0.0669773 0.629047
-0.896052 -0.434983 0.0887729
-0.771956 -0.411296 0.484685
-0.102335 0.900246 0.423184
-0.919117 0.380057 0.103831
-0.177598 0.780696 0.599143
0.574259 -0.7947 0.196669
0.553727 -0.129538 0.822561
0.377353 -0.904857 0.197074
0.0976997 -0.958093 0.269281
0.695483 0.43645 0.570802
-0.229101 -0.927457 0.295526
-0.416063 0.807989 0.417187
0.218669 -0.737429 0.639048
-0.640764 -0.0691028 0.764622
-0.580619 -0.739633 0.340328
-0.726449 -0.571993 0.380915
-0.791772 -0.579598 0.192777
0.454887 -0.801246 0.388694
0.791044 0.48537 0.372379
-0.487851 -0.396112 0.77788
0.880385 0.188769 0.435073
0.987215 0.151366 0.0499395
-0.109671 -0.430339 0.89598
0.596144 -0.590174 0.54434
-0.568 -0.815742 0.109277
0.740952 -0.510312 0.436546
-0.210359 0.896368 0.390222
0.436637 -0.551878 0.710478
-0.673429 0.324678 0.664136
-0.393818 0.466647 0.791926
0.94016 0.336387 0.0542507
0.362716 0.510607 0.779563
0.920811 0.100819 0.376752
-0.348537 -0.570099 0.743982
0.227637 0.907646 0.352647
0.293419 0.683711 0.668165
0.181756 0.690811 0.699818
0.946322 -0.184103 0.265671
0.772154 0.255864 0.581645
0.12078 -0.713481 0.690186
-0.897093 0.299717 0.324646
0.85542 0.516176 0.0426593
0.146947 0.251462 0.956647
0.930295 -0.35244 0.10167
-0.325836 -0.884174 0.334765
-0.865572 0.404268 0.295554
-0.458153 0.85684 0.236476
-0.2641 0.230076 0.936652
0.299856 -0.0144158 0.953875
0.902039 -0.373898 0.215698
-0.858939 -0.20274 0.470234
-0.476014 0.0345805 0.878757
0.119136 0.915982 0.383123
0.138262 -0.629932 0.764245
-0.733757 0.518764 0.438731
0.507937 0.859183 0.0616788
0.250971 0.615186 0.747369
-0.952205 0.27564 0.131635
-0.374863 -0.179705 0.909497
-0.0697463 0.943485 0.323992
0.662701 -0.724874 0.188107
0.370689 0.904084 0.212654
-0.578006 -0.687043 0.440319
-0.247399 -0.557142 0.792708
-0.94107 0.235687 0.242566
-0.214992 -0.455681 0.86379
0.353216 -0.200129 0.913886
-0.553175 0.682351 0.477907
0.676448 -0.512094 0.529319
0.219692 -0.972276 0.080089
0.327928 -0.940642 0.0875017
-0.996021 -0.013457 0.0880947
-0.69803 -0.713578 0.0596709
0.358019 0.602213 0.713555
0.918984 0.21317 0.331702
-0.318107 -0.473723 0.821215
-0.177169 0.94079 0.289008
-0.358314 0.907243 0.220275
0.476153 -0.053725 0.87772
-0.8676 0.255178 0.426796
-0.196024 -0.77873 0.595948
0.814772 0.386043 0.432571
0.611508 0.497794 0.615028
0.96573 -0.248647 0.0744291
-0.382593 -0.923096 0.0389473
-0.576127 -0.782668 0.235602
-0.36602 -0.28954 0.884419
0.416718 0.131383 0.899491
-0.464107 0.146838 0.873524
0.515543 -0.576913 0.633551
0.82835 0.17035 0.533683
-0.253413 0.945734 0.203392
0.193338 0.869482 0.454556
0.521827 -0.237899 0.819208
-0.504062 0.862666 0.0415739
0.978852 0.0299979 0.202357
-0.057018 -0.601224 0.797044
0.576167 -0.670499 0.467401
0.944151 -0.274487 0.182306
-0.214506 -0.0635195 0.974655
0.318427 0.0965263 0.94302
0.568026 -0.0174385 0.822826
-0.81651 0.575557 0.0452325
0.0594745 0.327366 0.943024
0.66737 0.533304 0.519812
0.994694 0.0466268 0.0917073
-0.176161 0.15883 0.971463
0.550672 -0.741523 0.38328
0.0837114 0.872242 0.481856
-0.87519 0.478641 0.0703283
0.7813 -0.566684 0.26161
-0.696708 0.476093 0.536595
-0.840316 -0.532352 0.102322
-0.723037 -0.667839 0.176657
0.746787 0.465968 0.474534
-0.282025 -0.717745 0.636635
0.215329 0.974384 0.0648785
0.10723 0.98978 0.0940086
-0.21293 0.705609 0.675853
-0.390552 -0.38806 0.834792
0.7055 0.336971 0.623474
0.0316083 -0.296043 0.954652
-0.694506 0.69276 0.19428
0.950442 0.0141354 0.31058
0.820118 0.506958 0.26533
-0.720812 -0.154857 0.67561
0.855755 -0.217134 0.469612
-0.474374 -0.641382 0.602991
-0.530833 0.794082 0.296058
-0.729746 -0.623568 0.280416
0.168137 -0.155657 0.973396
-0.350312 0.299899 0.887323
-0.882577 -0.271589 0.383794
0.927489 0.333673 0.168602
0.81159 -0.319281 0.489266
-0.246033 0.337999 0.908419
-0.179822 -0.707258 0.683704
0.74906 -0.637642 0.179779
-0.544277 -0.55619 0.628025
-0.608653 0.696279 0.380443
-0.497804 -0.762149 0.413909
0.811078 -0.407948 0.419204
-0.762 0.635608 0.123931
0.294321 -0.44554 0.8455
0.422339 -0.64031 0.641586
0.907203 -0.199026 0.370637
-0.49104 0.659262 0.569433
0.265536 0.811991 0.519771
-0.804804 0.464284 0.369773
0.767406 0.35867 0.531455
-0.258427 0.61748 0.742923
-0.645842 0.429254 0.63137
0.714188 0.559651 0.42039
-0.991173 -0.121085 0.0539836
0.261995 0.932677 0.247938
-0.0484832 -0.218841 0.974555
0.236885 -0.65669 0.715991
-0.79387 -0.531681 0.295102
0.843842 0.513704 0.155046
-0.0670752 0.804404 0.590284
0.647802 0.737671 0.190249
-0.456726 0.738295 0.496308
-0.881599 -0.0862302 0.464055
-0.627755 -0.290358 0.722229
-0.184777 -0.349018 0.918718
0.334255 0.205964 0.919702
-0.284255 0.908733 0.30562
0.525952 -0.483481 0.69973
0.27494 -0.124642 0.953348
-0.143223 -0.536775 0.831481
-0.979893 -0.0563041 0.191414
0.559938 0.794875 0.233759
-0.140177 0.845826 0.514712
0.117955 0.760807 0.638168
0.53954 0.267524 0.798328
0.300517 0.855564 0.421544
0.204433 -0.808281 0.552168
-0.289715 0.505324 0.812843
-0.130495 -0.138776 0.981688
0.0491712 -0.57016 0.820061
-0.35789 0.56385 0.744303
-0.680077 0.611888 0.403843
0.989985 -0.0604307 0.127587
-0.216757 -0.958061 0.187443
0.88837 -0.111693 0.445336
0.692998 0.128697 0.709359
0.32122 -0.307167 0.895805
0.848756 -0.469865 0.242569
0.107322 -0.787976 0.60628
-0.876261 0.444372 0.18628
-0.611375 0.52827 0.589195
-0.565797 -0.624113 0.538847
-0.580533 -0.392639 0.713314
0.628222 0.624464 0.464092
0.141558 0.615091 0.775644
0.530282 -0.841875 0.100241
0.256727 -0.567394 0.782403
0.410041 0.9058 0.106733
0.478688 -0.854918 0.199934
-0.0293947 0.864277 0.502157
-0.0375779 0.974717 0.220258
-0.478968 -0.0783025 0.874333
-0.616006 0.769646 0.167875
-0.513496 -0.48351 0.708901
-0.299536 0.00800864 0.954051
0.490914 0.601758 0.629993
-0.381119 0.0789494 0.921149
-0.926384 -0.0327346 0.375154
0.227917 0.756989 0.61239
0.411304 -0.718561 0.560803
0.355942 0.310105 0.881556
-0.848262 -0.433096 0.304763
0.456095 0.339795 0.822506
0.214542 0.065136 0.97454
0.247821 -0.890625 0.381278
0.450344 0.537046 0.713283
-0.156749 -0.245783 0.956567
0.948087 0.226413 0.223312
-0.928063 0.0796889 0.363797
-0.00296007 -0.809185 0.587546
-0.14933 0.646482 0.748172
-0.614093 -0.467664 0.635752
0.597031 0.802138 0.0113222
0.31567 -0.902906 0.291743
0.696033 -0.662685 0.27638
-0.196893 0.0480131 0.979249
-0.611086 0.266455 0.745369
0.322643 -0.693458 0.644218
-0.977259 0.207154 0.0453044
0.483623 -0.734848 0.475507
0.973158 -0.168225 0.15705
0.24786 -0.233569 0.940219
-0.128694 -0.883081 0.451226
0.596637 0.0889305 0.797569
-0.13825 0.374474 0.916873
0.172417 -0.86955 0.46277
-0.84158 0.362041 0.400835
-5.55112e-17 -5.55112e-17 1
0.27108 0.384729 0.882326
0.0757253 -0.851728 0.518484
0.495362 0.0571026 0.866808
0.459278 0.44052 0.771366
0.208708 -0.937274 0.27921
0.447976 -0.448255 0.773553
-0.697444 0.651144 0.299305
-0.827534 0.540426 0.152074
0.162457 -0.970616 0.177517
-0.0518918 0.309314 0.949543
-0.32348 0.404882 0.855238
-0.623057 0.732479 0.274363
-0.0624719 -0.983817 0.167934
-0.410981 -0.827417 0.382721
0.617557 0.194194 0.762175
0.610493 -0.738011 0.287467
0.184504 0.967418 0.173378
0.62459 0.400257 0.670583
-0.00393096 0.993471 0.114018
-0.717409 -0.509775 0.474819
0.718208 -0.250548 0.649155
-0.74724 -0.341528 0.57008
-0.221056 0.97033 0.097946
0.251196 0.282347 0.92584
-0.396266 0.917703 0.0281843
-0.917689 0.191147 0.348297
0.478345 0.759595 0.440683
-0.929734 -0.224199 0.292113
-0.31891 -0.835345 0.447766
0.108566 -0.99143 0.0726612
0.620234 0.725144 0.299125
0.272034 -0.944208 0.185655
0.309749 -0.768132 0.560383
-0.781339 0.0456286 0.622437
0.0397005 0.220659 0.974543
0.762905 -0.148695 0.629179
-0.0042825 -0.997394 0.0720145
0.912373 -0.289166 0.289756
-0.407805 -0.774994 0.482783
0.793151 -0.234455 0.562087
-0.305268 -0.944874 0.11843
-0.491781 -0.704893 0.511153
0.796378 0.597362 0.0945609
0.126542 0.143143 0.981579
0.294251 0.945363 0.140377
-0.106978 -0.829423 0.548283
0.82926 0.275647 0.486154
-0.218627 -0.836928 0.501751
-0.419102 0.61732 0.665786
-0.992614 0.0982284 0.0711947
0.139557 -0.919701 0.366979
0.788023 -0.610792 0.0771542
-0.727208 0.374402 0.575319
-0.0716393 0.201453 0.976875
-0.00142368 -0.4039 0.914802
0.968389 -0.0769707 0.237273
-0.430246 0.892852 0.133058
0.255501 0.523273 0.812961
-0.494116 0.422537 0.75981
0.874281 0.0832542 0.478227
0.356287 -0.513968 0.780318
-0.555888 -0.24246 0.795111
-0.646119 -0.74751 0.154141
-0.903276 -0.384809 0.189774
-0.554862 0.0962857 0.826352
-0.37775 -0.0675969 0.923437
-0.697399 -0.442743 0.563572
0.678123 -0.424117 0.600229
-0.39119 0.709456 0.58621
-0.711545 -0.264732 0.650862
0.565337 -0.38226 0.730939
0.601639 -0.505238 0.618681
-0.280333 0.119362 0.952453
-0.449971 0.25744 0.855132
-0.0926452 -0.763595 0.639014
-0.562209 -0.131665 0.816447
-0.386375 0.863754 0.323487
-0.887728 0.0321116 0.459246
0.184633 0.456521 0.870344
0.0416303 0.950994 0.306393
-0.0151917 -0.963166 0.268477
-0.91474 0.342077 0.215021
0.8544 0.402933 0.328095
-0.680672 0.727608 0.0852802
0.778055 0.593458 0.206006
0.666624 0.74146 0.0764837
-0.515627 0.756833 0.401662
-0.973066 0.167772 0.158099
-0.71455 0.104933 0.69167
0.63905 -0.0833231 0.764639
-0.446617 -0.572145 0.687883
0.214644 -0.338843 0.916031
-0.496965 -0.809933 0.311504
0.409854 0.82809 0.382474
-0.828064 0.20695 0.521039
-0.00533278 0.511607 0.859203
0.664883 -0.594231 0.45257
-0.229841 -0.886794 0.400962
-0.306002 -0.780208 0.545562
-0.367257 -0.649504 0.665783
0.724995 -0.588999 0.357018
-0.911129 -0.156999 0.381045
-0.0327157 0.414227 0.909585
-0.940806 -0.27828 0.193505
-0.596363 0.8004 0.0609209
0.963615 0.24245 0.11253
0.423933 -0.272703 0.863663
0.281244 -0.834641 0.473579
-0.291618 0.956478 0.0104049
0.437855 0.71996 0.538461
0.748808 0.0429317 0.661395
0.353568 -0.851288 0.387683
0.0452823 0.818093 0.5733
0.934421 -0.0926511 0.343908
0.0187973 0.111251 0.993615
0.231981 0.175369 0.956781
0.419363 -0.858185 0.296063
-0.0915266 0.086819 0.992011
-0.787196 -0.475379 0.392859
0.851947 -0.521029 0.0521114
0.0310303 0.60397 0.796403
-0.9828 0.0565828 0.17579
-0.354367 0.784498 0.508907
-0.65721 -0.707648 0.25944
-0.11134 0.990637 0.0790032
0.858042 -0.0230168 0.513064
0.704841 0.233856 0.669709
0.0346155 0.999369 0.00795073
-0.144991 0.971936 0.185252
-0.11626 0.490485 0.86366
-0.110104 -0.0246402 0.993615
-0.189275 0.556952 0.80869
0.622506 -0.776696 0.0960755
0.743873 -0.334837 0.578392
0.0737873 0.976774 0.201169
-0.45963 0.521934 0.718557
0.879437 0.422328 0.219615
0.108105 0.0323006 0.993615
0.157019 0.820101 0.550253
0.0505177 -0.984156 0.169956
0.545636 0.370313 0.751765
0.521375 0.163124 0.837591
-0.693702 0.215909 0.68714
0.336582 0.886023 0.318868
0.750591 0.580594 0.315475
-0.0394957 0.67171 0.739761
-0.162168 -0.625294 0.763354
0.999326 -0.034329 0.0129954
0.536434 0.678201 0.502277
-0.712019 -0.00756259 0.70212
-0.631093 0.156175 0.759823
-0.319219 -0.919905 0.227758
-0.0216749 -0.110726 0.993615
0.371774 0.792856 0.48287
-0.658054 -0.660234 0.362017
-0.158656 0.26842 0.950147
-0.217452 0.440701 0.870918
0.904405 -0.426203 0.0200634
-0.404743 -0.901949 0.150571
-0.077051 -0.324689 0.942677
-0.897489 -0.332484 0.289771
0.0269795 -0.929522 0.367777
0.74715 -0.425314 0.51076
0.384976 -0.789953 0.477251
-0.465906 -0.299669 0.832544
-0.271433 -0.157826 0.949429
0.186122 -0.441307 0.877842
0.4869 -0.344136 0.802807
0.62681 0.298515 0.719721
0.663937 -0.185914 0.724309
0.378037 -0.0901108 0.921395
0.166103 0.356435 0.919437
0.51695 0.786488 0.337935
-0.637175 0.043744 0.769477
-0.392889 -0.715483 0.577688
0.712042 -0.696274 0.0905444
-0.621271 -0.783452 0.0149875
-0.26339 -0.268223 0.926651
-0.479669 -0.874612 0.0705109
-0.837031 -0.0188379 0.546832
-0.965472 -0.168132 0.198984
-0.521694 0.317709 0.791768
-0.951379 -0.103035 0.290278
-0.327747 0.93764 0.115812
-0.495589 -0.847519 0.190008
0.44605 0.850786 0.277853
0.507005 -0.658654 0.555986
0.795205 -0.0431807 0.604802
-0.518193 0.571969 0.635867
0.139803 -0.263411 0.9545
-0.475397 -0.190204 0.858965
-0.883696 0.144184 0.4453
0.726571 0.672132 0.142595
-0.745711 0.66607 0.0163316
0.0116789 -0.738321 0.674349
-0.750478 0.267671 0.604264
0.872388 0.301314 0.384902
-0.786253 -0.235474 0.571278
-0.0855887 -0.92986 0.357821
0.816804 0.0632189 0.573441
-0.314129 0.856255 0.410062
-0.638117 -0.538088 0.550698
0.104565 0.530708 0.84108
-0.425519 0.364461 0.828312
0.0765787 -0.475949 0.876132
0.194487 -0.0459525 0.979828
0.487143 0.856074 0.172714
0.898078 0.426313 0.108226
-0.320702 0.672886 0.666615
0.669845 0.0230558 0.742143
0.988807 -0.14111 0.0484647
0.0871565 -0.0787477 0.993077
-0.836825 -0.373616 0.400168
-0.969886 -0.22216 0.0998256
0.801045 -0.490677 0.342875
0.339219 -0.608762 0.717175
-0.289071 -0.372294 0.88195
-0.638263 -0.180893 0.748264
0.74123 0.670644 0.0285358
0.863359 -0.389552 0.320719
-0.151711 -0.983495 0.0986005
0.977572 0.135309 0.161385
0.329385 0.943619 0.032983
-0.587055 0.373494 0.71824
-0.76848 0.597115 0.229983
-0.956149 0.125851 0.264463
-0.542747 0.207934 0.81375
-0.771689 -0.630738 0.0816445
-0.127469 -0.958045 0.256714
0.386618 -0.380559 0.84006
0.65548 -0.341288 0.673697
-0.0373358 -0.509265 0.8598
-0.279956 -0.959967 0.00933186
-0.555932 0.475768 0.681604
0.765776 0.149592 0.625468
-0.821903 0.504034 0.265377
-0.0791365 0.582252 0.809148
-0.366714 0.190539 0.910613
0.0599947 -0.187707 0.980391
-0.103717 0.734231 0.670931
0.0713338 0.686641 0.723489
0.00702928 0.752791 0.658222
0.824409 -0.542945 0.159881
0.868301 -0.30276 0.392925
-0.850986 -0.483991 0.203901
-0.837469 0.0956263 0.538054
-0.651633 -0.603492 0.459536
0.882997 -0.449795 0.134163
0.0787495 0.429844 0.899462
