0.536165 0.187764 0.822965
0.196573 -0.6197 0.759823
-0.582875 -0.786992 0.202238
0.73886 0.654204 0.161566
0.13907 0.613756 0.777151
0.932651 -0.170963 0.317701
-0.0955222 0.849386 0.519056
0.0419497 0.99837 0.038709
0.298063 0.511127 0.806168
0.220238 0.937368 0.269881
-0.0139605 -0.569575 0.821821
0.166325 -0.92918 0.330092
-0.294676 -0.623023 0.724574
-0.611508 0.512642 0.602708
0.68377 0.404154 0.60755
0.709408 0.165547 0.68508
0.518498 -0.705273 0.483477
-0.389486 -0.25827 0.88408
-0.911857 0.07402 0.403778
-0.384051 0.892146 0.237867
0.451181 -0.467288 0.760314
-0.778593 -0.498175 0.381595
0.389727 0.314214 0.865669
0.865552 -0.49559 0.0721775
-0.796681 -0.139573 0.588064
0.190522 0.857095 0.478634
0.899747 -0.354013 0.255207
0.377567 -0.551441 0.743879
-0.632305 0.588611 0.503713
0.592926 0.787342 0.168912
0.236634 0.745909 0.622595
0.785927 0.534045 0.311631
-0.472131 0.79465 0.381606
-0.811563 0.190336 0.552392
0.106015 0.942019 0.318373
0.495421 -0.290968 0.818472
0.368793 -0.174288 0.913025
-0.95732 -0.265324 0.114633
0.229012 0.960342 0.159049
-0.837699 -0.0437619 0.544376
-0.891526 0.413202 0.185596
-0.681692 -0.249607 0.687745
-0.46491 -0.666328 0.58298
0.799962 0.397728 0.449303
-0.564096 -0.520424 0.641057
0.00441532 0.824635 0.565648
-0.552716 -0.43316 0.711953
-0.488941 -0.849646 0.197583
-0.369111 -0.728801 0.57672
-0.555493 0.723659 0.409567
-0.962989 -0.18608 0.195002
-0.537031 0.597341 0.595635
0.933847 -0.323879 0.151766
0.593143 0.267005 0.759533
0.833076 -0.524223 0.176563
0.637744 -0.717392 0.280412
0.373786 0.793757 0.479827
0.353005 -0.870986 0.341717
-0.763163 0.472873 0.440424
0.642716 -0.437262 0.629061
-0.430693 -0.349702 0.831993
-0.0386691 -0.906557 0.420309
-0.249669 -0.845193 0.472561
-0.313896 -0.903115 0.293005
0.853913 -0.379723 0.35587
0.409861 0.870978 0.270944
-0.120473 -0.534736 0.836388
0.654445 0.679951 0.33071
0.21986 -0.343811 0.912938
0.864388 -0.113843 0.489769
-0.00357605 -0.981541 0.191218
0.930803 0.0237299 0.36475
-0.645005 0.657875 0.388805
0.724234 -0.156909 0.671464
-0.685839 -0.0498646 0.726043
-0.524698 0.233173 0.818732
0.0739185 0.687863 0.722067
0.732503 0.624726 0.270477
0.0892223 -0.60442 0.791654
-0.292861 0.906887 0.302966
-0.0887821 0.783713 0.614745
-0.182428 0.730302 0.658316
0.904411 0.393753 0.164317
0.538961 0.687556 0.486609
0.552514 -0.467488 0.690061
-0.882728 -0.222324 0.413961
0.0546766 0.368136 0.928163
0.97269 0.231993 0.00727553
0.25201 -0.885531 0.390289
-0.917496 -0.120637 0.379009
-0.839245 0.475199 0.264298
-0.274039 0.12097 0.95408
0.329434 0.232423 0.915124
0.97023 0.207904 0.124215
-0.558729 -0.605442 0.5668
-0.343948 -0.163156 0.924705
-0.384683 0.856155 0.344989
0.525917 -0.382523 0.759663
-0.861724 0.058992 0.503936
-0.0793072 0.709918 0.699805
-0.92969 -0.288631 0.228844
-0.138171 -0.282073 0.949391
-0.5605 0.769407 0.306355
0.96707 -0.217726 0.1318
-0.183698 0.971746 0.148205
-0.058195 -0.853352 0.518078
0.169192 -0.533641 0.828614
-0.889538 -0.306462 0.338826
0.144653 -0.425812 0.893174
0.474304 0.104889 0.874091
-0.801258 0.297789 0.518949
0.885775 -0.0058922 0.464078
0.731661 -0.677035 0.0793457
0.80383 -0.590236 0.0740143
-0.807406 -0.555948 0.19753
-0.171886 -0.973048 0.153729
0.0136515 0.75573 0.654741
0.664618 0.713083 0.223148
0.0663751 -0.501395 0.862669
-0.650333 0.70477 0.283488
-0.78634 0.570955 0.235966
0.490984 0.291329 0.821013
-0.825545 -0.234499 0.513309
0.320347 -0.704839 0.632914
0.4897 0.806788 0.330586
0.273597 0.801652 0.531506
0.204029 -0.973471 0.103569
-0.0189962 -0.948296 0.316817
-0.0713438 -0.370206 0.926206
0.340028 0.413502 0.844628
-0.397361 -0.064001 0.915428
0.797384 -0.140218 0.586957
0.629469 0.643937 0.434873
-0.722645 0.659593 0.206692
-0.291896 0.864617 0.408942
0.627214 0.159293 0.762383
-0.895497 0.438607 0.0755516
0.806505 0.583938 0.0925501
-0.153035 -0.987953 0.0230116
0.351276 -0.464285 0.813047
0.886898 -0.197755 0.417499
0.946744 0.310851 0.0839504
-0.0658461 -0.0916208 0.993615
0.281819 0.333721 0.89956
-0.720674 -0.690203 0.0651842
0.542218 0.367806 0.755459
-0.992301 0.0279221 0.120663
-0.0610337 0.381413 0.922388
0.292428 0.854223 0.429872
-0.158909 0.113546 0.980742
0.899093 -0.277611 0.338472
-0.381772 0.808383 0.44807
-0.984524 -0.0828208 0.154448
0.982079 -0.0149391 0.187879
-0.799684 0.0522014 0.598148
-0.387406 -0.898298 0.207309
-0.209047 -0.939434 0.271594
0.392129 0.838751 0.377798
0.218413 -0.698653 0.681307
-0.362685 0.931761 0.0167466
-0.45823 0.88699 0.0572135
-0.518206 0.52185 0.677595
-0.0402898 -0.469477 0.882025
0.441815 0.721225 0.533512
0.265806 -0.149461 0.95237
-0.945683 0.204837 0.252438
0.800336 0.563923 0.2036
0.413465 0.896201 0.160845
-0.455642 -0.472394 0.754476
0.863991 0.332913 0.377742
0.0143651 -0.744763 0.667175
-0.859463 0.387817 0.333048
-0.231315 -0.897978 0.374338
0.301327 0.0440272 0.952504
0.029949 -0.997972 0.0561751
-0.388074 0.126982 0.912838
-0.546399 -0.682656 0.485211
0.59154 0.804245 0.0571836
0.886249 0.225435 0.40465
-0.321728 0.218064 0.921379
0.300516 -0.629465 0.716564
0.98885 -0.0982899 0.111868
-0.0890502 -0.710886 0.697646
-0.862383 0.270591 0.427873
0.0479658 -0.873278 0.484856
0.930021 0.145965 0.337276
-0.892848 -0.445083 0.0687285
-0.974836 0.114324 0.191377
0.557768 -0.136636 0.818673
0.756592 -0.24373 0.606765
0.888627 0.368314 0.273288
-0.729973 0.320602 0.603618
-0.195093 0.862355 0.467208
-0.895195 -0.0311623 0.444584
0.47361 0.765967 0.434729
-0.501216 0.429131 0.751418
-0.724152 0.0493624 0.687872
0.308598 0.893846 0.32528
-0.74581 -0.645207 0.165755
-0.286644 0.93808 0.194527
0.158059 -0.128271 0.979063
0.618521 -0.353983 0.701518
-0.334512 -0.856201 0.393727
0.42071 0.905898 0.0484873
-0.356872 -0.928483 0.102774
-0.459801 0.677508 0.574079
0.13634 0.985649 0.0995323
-0.751568 0.399092 0.525235
-0.643116 -0.522 0.560284
-0.299408 -0.529237 0.793891
0.114141 -0.316213 0.941797
0.231816 0.431232 0.871952
-0.719453 0.620229 0.312575
0.758807 -0.0516341 0.649265
0.370531 0.127268 0.92006
0.24675 -0.455855 0.855167
-0.762105 -0.574033 0.299469
0.035204 0.987902 0.151029
-0.549158 0.66511 0.506018
-0.279026 0.747868 0.60236
0.357319 0.586051 0.727233
-0.198238 0.909785 0.364683
0.66389 -0.510961 0.546049
-0.458833 0.32462 0.8271
0.0461346 -0.10682 0.993208
0.423286 -0.377815 0.823459
-0.553154 0.329697 0.765062
-0.872262 0.163021 0.461067
0.860506 0.509076 0.0192601
0.371937 -0.898353 0.233719
0.830001 0.436338 0.347431
0.554734 0.548816 0.625356
0.506413 -0.00298777 0.862286
0.982066 0.101084 0.159146
0.5766 -0.543528 0.610008
-0.957235 -0.102298 0.270621
-0.754406 0.147025 0.639731
-0.0757038 -0.786384 0.613081
-0.203891 -0.588518 0.782353
0.204784 0.90347 0.376571
-0.167333 0.651517 0.739949
0.91649 -0.395231 0.0619584
0.590062 -0.263577 0.763121
-0.160404 0.986297 0.038585
0.888953 -0.42646 0.167017
-0.469057 0.740762 0.480891
-0.559484 0.804604 0.198972
-0.283546 -0.258659 0.923416
-0.925998 0.309866 0.215664
-0.0980629 -0.626996 0.772826
-0.177633 -0.0811868 0.980742
0.117072 0.822158 0.557091
-0.2872 -0.0703368 0.955285
-0.716902 -0.509795 0.475564
-0.188164 0.803537 0.564733
0.785021 -0.321283 0.529641
-0.937491 -0.345933 0.037953
0.188462 0.526388 0.829095
-0.433818 -0.803894 0.406885
0.249897 0.601649 0.758664
0.216122 0.252728 0.94309
0.732524 -0.569127 0.373502
0.126279 0.752897 0.64591
0.082419 -0.212065 0.973774
0.672812 0.731299 0.111919
-0.782092 -0.418534 0.461694
0.496029 -0.623753 0.604058
-0.427031 0.51405 0.743907
-0.195602 -0.675619 0.71083
-0.642687 -0.758071 0.110821
0.788434 -0.549033 0.277371
0.966608 -0.140505 0.214308
-0.113384 0.0109023 0.993491
-0.595516 -0.0568826 0.801327
0.70429 -0.342791 0.621667
-0.918722 -0.36632 0.147511
0.84719 -0.301683 0.437328
0.909241 0.412876 0.0530432
0.408138 0.0209568 0.91268
0.423082 -0.76582 0.484274
0.504329 0.4697 0.724592
-0.252561 0.308706 0.917013
0.664835 -0.586782 0.462257
-0.865903 -0.133688 0.482017
0.0775454 0.081956 0.993615
0.0767385 0.541231 0.837365
-0.965558 0.258238 0.0317795
0.579405 -0.621043 0.527822
0.443956 0.392882 0.805324
0.19218 0.682654 0.705018
0.718449 -0.63781 0.277542
0.680483 -0.0596217 0.730335
-0.91667 0.177345 0.358141
-0.973448 0.00146878 0.228902
0.691065 -0.699396 0.182413
-0.142307 0.305272 0.941572
-0.427184 0.226183 0.875417
-0.902755 0.283899 0.323164
0.512133 -0.835777 0.197981
0.153712 -0.881778 0.445915
0.459927 0.565587 0.684528
0.939053 -0.2494 0.236599
-0.375804 0.9178 0.128119
0.343291 0.732664 0.587669
0.408479 -0.912251 0.0307163
-0.550458 0.830079 0.0892433
-0.269752 -0.780951 0.563338
0.783132 0.243718 0.572106
-0.381147 -0.650313 0.65713
-0.717892 0.689258 0.0977507
0.121012 0.448972 0.885314
-0.838403 0.542842 0.0490224
-0.837119 -0.321731 0.442404
0.00367863 0.930417 0.366485
-0.61894 -0.677051 0.398139
0.239157 -0.831986 0.500603
0.650122 -0.755097 0.0846727
0.12905 0.968917 0.211057
0.767323 -0.616124 0.177783
0.728946 -0.418663 0.541627
-0.459921 -0.883014 0.093587
-0.621916 -0.344231 0.703367
-0.015179 0.284649 0.958512
0.761452 0.351219 0.544826
0.560304 -0.822635 0.0966022
0.937074 0.289886 0.194575
0.13475 -0.828393 0.543698
0.829205 0.291448 0.476946
0.286178 -0.94214 0.174567
0.0284295 -0.814544 0.579405
0.100402 0.269148 0.957851
-0.275472 0.957651 0.083788
0.418492 -0.701383 0.576997
0.567599 0.727766 0.384953
0.326968 -0.773292 0.543241
-0.639672 0.333627 0.692468
-0.868416 -0.462933 0.177611
0.658366 -0.654386 0.371931
0.99801 -0.0628657 0.00494689
-0.764928 -0.0457615 0.642489
-0.0961095 0.207224 0.973561
0.295831 -0.260374 0.91907
0.860452 0.492396 0.13103
-0.844396 0.512019 0.157581
-0.0190388 0.64167 0.766744
-0.58525 0.138415 0.798951
0.711813 0.592704 0.37686
0.642139 -0.164315 0.748771
-0.261271 -0.443759 0.857214
-0.102739 -0.964642 0.242716
-0.515152 -0.803812 0.297499
-0.447602 -0.160039 0.879795
-0.997509 -0.0550466 0.0441129
-0.20222 -0.18967 0.960798
-0.28388 -0.707062 0.647669
0.843414 0.0737206 0.532182
-0.674385 0.418893 0.608058
-0.388417 -0.560298 0.731573
0.737068 0.0565953 0.673445
0.827146 -0.0343506 0.560936
-0.998544 0.05288 0.0106222
-0.224239 0.0215613 0.974296
-0.449029 0.0339403 0.892872
0.400508 -0.631478 0.663949
-0.326845 -0.353739 0.87638
-0.777147 0.527838 0.34268
-0.714783 -0.427766 0.553265
-0.0356971 0.551805 0.833209
-0.474175 0.835912 0.27642
0.54738 -0.784228 0.292168
-0.929498 -0.206001 0.305936
0.50484 0.834178 0.221998
-0.962227 0.232436 0.141752
0.325745 0.939676 0.1044
-0.81788 0.374046 0.437221
-0.884474 -0.387372 0.260094
-0.594637 -0.252418 0.763343
0.63318 0.347827 0.691447
0.00509623 -0.665071 0.746763
0.43778 -0.086635 0.894898
0.0674619 -0.920786 0.384189
-0.0956812 0.944423 0.314501
-0.758623 -0.244812 0.603786
-0.224124 0.491236 0.841698
0.916256 -0.086628 0.391115
0.33781 -0.829073 0.445559
0.22653 -0.771145 0.594995
0.112157 -0.686977 0.717972
0.955513 -0.0568094 0.289427
-0.634306 -0.603788 0.482799
-0.188306 0.399527 0.897173
-0.605452 -0.736066 0.302713
-0.935299 0.337461 0.106472
0.569375 0.0798512 0.818191
0.735922 -0.496665 0.460155
-0.775144 0.631502 0.018879
3.87741e-05 0.883159 0.469073
0.645064 0.504776 0.573667
0.79825 -0.477411 0.367254
-0.376079 0.749726 0.544496
0.849472 0.469321 0.241112
0.0302907 0.184002 0.982459
0.167434 0.352246 0.920809
0.84929 -0.454167 0.269145
-0.0471818 0.102489 0.993615
-0.352938 -0.797854 0.488737
-0.25069 0.582749 0.773019
-0.789113 -0.614001 0.0174314
-0.828899 -0.483418 0.281484
-0.692 0.495125 0.525345
-0.126036 -0.929141 0.347581
-0.640206 0.765333 0.0663483
0.760597 0.498533 0.415881
0.502571 0.639236 0.582065
-0.649263 0.7399 0.176084
-0.303478 0.412627 0.85886
0 -7.84962e-17 1
-0.405184 0.422711 0.810642
0.955775 -0.290471 0.0460595
0.845997 0.182324 0.501045
-0.470233 0.866464 0.167692
-0.61563 0.23648 0.751716
0.506229 0.855229 0.110977
0.148164 0.168103 0.974571
-0.286801 0.811428 0.509244
0.605702 -0.77327 0.187558
0.301205 0.670755 0.677763
0.40381 0.492725 0.770818
-0.639902 -0.149311 0.753812
-0.193493 0.946587 0.257941
0.318775 0.92277 0.216512
-0.351184 0.59513 0.722835
0.275382 -0.545261 0.791742
0.101938 0.900239 0.423295
-0.528773 -0.343341 0.776219
-0.549176 -0.158134 0.820609
0.26917 -0.920231 0.284118
0.121142 -0.022297 0.992385
-0.0995929 0.902361 0.419317
-0.145316 -0.881927 0.448428
-0.207457 0.212278 0.954934
-0.358538 0.315901 0.87844
0.506573 -0.86218 0.00538836
0.182573 -0.959082 0.216397
0.191261 -0.234393 0.953142
-0.53191 -0.749067 0.394931
0.571043 -0.724849 0.385362
0.894097 0.103653 0.435714
0.796779 -0.401857 0.451281
-0.152108 -0.438208 0.88591
-0.251366 -0.965075 0.0737898
-0.0619853 -0.203355 0.977141
0.468638 -0.190446 0.862618
0.135181 -0.990698 0.0156255
0.656588 0.0505923 0.752551
0.405879 0.653647 0.638755
0.708008 0.273336 0.651162
0.433786 0.210391 0.876108
0.00884093 0.462654 0.886495
0.01251 0.965668 0.259479
-0.490517 -0.253842 0.833641
0.121107 -0.763054 0.634887
0.984205 -0.174686 0.0287237
-0.0729121 -0.992047 0.102601
0.00467452 -0.292208 0.956343
0.0992459 -0.984526 0.144425
-0.637646 -0.434692 0.635965
-0.687029 -0.65805 0.308159
-0.546851 0.0389184 0.836325
-0.704758 -0.588836 0.395714
-0.786235 0.604513 0.128055
0.080214 -0.961114 0.264244
-0.0866336 0.974709 0.206004
0.830076 -0.219015 0.512841
0.727153 0.454523 0.514448
-0.698365 0.238691 0.674769
-0.836401 -0.540785 0.0893624
0.336796 -0.0624801 0.939502
-0.219159 -0.35063 0.91051
-0.775265 -0.333842 0.536203
0.234317 0.971113 0.0451247
-0.98679 0.139766 0.0819211
0.475175 -0.549827 0.686949
-0.722143 -0.144694 0.676441
-0.983797 -0.162951 0.074764
0.580964 0.76463 0.278966
-0.472602 -0.583991 0.660002
0.477585 -0.788333 0.387871
0.682989 0.552057 0.478289
-0.70663 0.568762 0.420932
-0.182601 -0.754238 0.630699
-0.145549 0.566481 0.81112
-0.490837 0.133942 0.860894
0.397516 -0.279993 0.873834
0.262163 0.150029 0.95329
-0.0638427 0.993246 0.0968807
-0.589524 0.434258 0.681089
0.597302 0.451166 0.663083
0.192993 0.0644646 0.97908
-0.450276 -0.740469 0.498957
-0.66812 -0.713376 0.211451
0.962129 0.0656221 0.264578
0.676217 -0.257469 0.690246
0.0382699 -0.396309 0.917319
-0.367328 -0.442255 0.818218
0.955222 0.182107 0.233211
0.432949 -0.890651 0.138908
0.743328 0.667102 0.0493854
-0.637703 0.0428758 0.769088
-0.950413 0.0875398 0.298415
-0.838804 -0.404004 0.36495
-0.501075 -0.0618772 0.863189
-0.277321 -0.943453 0.181631
0.450966 -0.843176 0.292716
0.597126 -0.0321034 0.801505
0.78407 0.135802 0.605633
0.320911 -0.372062 0.870969
0.30705 -0.949556 0.0637504
-0.67211 0.141838 0.72674
0.596579 0.599584 0.533473
-0.557082 -0.826319 0.082806
-0.939647 -0.016269 0.341758
-0.328439 0.504747 0.798348
-0.338591 0.0292156 0.94048
0.230585 -0.0418822 0.97215
-0.444502 0.605683 0.659975
-0.269363 0.667588 0.694096
-0.364504 0.681394 0.634696
0.99647 0.0202795 0.0814671
0.916321 0.262655 0.302272
-0.415401 -0.855828 0.308222
-0.702754 -0.340841 0.624471
-0.164215 -0.823375 0.543219
0.990678 0.127801 0.0471678
-0.105867 0.47341 0.874457
