0.354914 0.789692 0.500422
0.342871 -0.923171 0.173769
0.820825 0.0484003 0.569125
0.401741 -0.81602 0.41559
-0.205945 0.729463 0.652281
-0.211454 -0.965941 0.149149
-0.59035 0.604217 0.535172
-0.686977 -0.652384 0.32009
-0.779109 0.624922 0.0496106
-0.033546 0.796798 0.603314
-0.572916 0.800955 0.17389
0.690985 -0.0557232 0.720718
0.934075 -0.303263 0.188509
0.564155 -0.327071 0.758125
-0.554552 0.057997 0.830125
0.192306 0.94918 0.249149
0.421436 0.856232 0.298762
0.974679 0.13929 0.174926
-0.750264 -0.652889 0.10411
0.265208 -0.129205 0.955495
-0.40737 -0.487151 0.772485
-0.851968 0.319108 0.415115
0.826288 0.324455 0.46041
0.118988 -0.729623 0.673418
0.190043 0.770385 0.608597
-0.122592 -0.462579 0.878062
-0.463026 0.80501 0.370899
0.852629 0.215662 0.475934
-0.655176 0.0524573 0.753653
-0.308068 0.824323 0.474958
-0.776297 0.247617 0.579697
-0.408498 -0.294067 0.864091
-0.620786 0.736519 0.268635
0.722064 0.479755 0.498457
0.590021 0.487365 0.643701
-0.237346 -0.818484 0.523212
-0.840667 -0.381971 0.383897
-0.618845 0.782227 0.0717715
-0.233781 -0.452218 0.860724
0.598937 -0.793109 0.110696
-0.73516 -0.350816 0.580058
0.0537138 -0.40734 0.911696
0.472457 -0.52669 0.706669
0.211218 0.975864 0.0554623
0.320151 -0.494587 0.808014
-0.506189 0.679523 0.531057
0.275281 -0.410815 0.869167
0.170061 -0.950596 0.259704
0.499002 -0.784993 0.367128
0.570058 -0.494745 0.655943
-0.752899 0.154747 0.639685
-0.281639 -0.74862 0.600206
-0.587626 0.159568 0.793243
-0.877001 -0.392347 0.277367
0.301273 0.855621 0.420889
-0.318206 0.903369 0.287524
0.984833 -0.128087 0.117038
-0.645616 -0.133097 0.751975
-0.293281 -0.856065 0.425604
0.861527 0.437135 0.258233
0.303711 -0.230796 0.924388
0.837473 -0.409494 0.361877
0.695473 -0.510812 0.505359
0.658589 -0.654173 0.371913
-0.422425 0.90217 0.0874399
0.612785 -0.108729 0.782734
-0.125945 0.991735 0.0244945
-0.0585111 -0.967407 0.246375
-0.0302496 -0.998449 0.0467443
0.652206 0.279217 0.704745
0.671291 0.739808 0.0453016
0.850685 -0.506958 0.139025
-0.750793 0.0434403 0.659108
0.687155 0.674874 0.269004
-0.0997836 -0.28091 0.954533
-0.221545 0.0344342 0.974542
-0.315 0.705491 0.634868
0.763037 -0.0105937 0.646268
-0.79905 0.417383 0.432794
-0.506175 0.604257 0.615354
-0.497818 0.519476 0.694494
-0.146127 0.96544 0.215806
0.857773 0.374432 0.352175
-0.148807 -0.634528 0.758439
-0.00592842 0.577069 0.816674
0.959301 -0.19393 0.205263
-0.259101 -0.613116 0.746295
-0.736504 -0.248945 0.628958
0.0355735 0.200591 0.979029
0.240075 0.695676 0.677052
-0.986787 -0.124664 0.103489
-0.00902857 -0.938959 0.34391
0.370731 -0.565905 0.736417
-0.121186 -0.927988 0.352351
0.222631 -0.0262732 0.974549
-0.792388 0.334964 0.509823
0.79513 0.428487 0.429147
-0.341059 -0.424191 0.838892
-0.844839 0.533094 0.0453744
-0.417051 0.597888 0.684543
0.124697 -0.979173 0.160224
-0.171706 -0.772001 0.61199
0.430771 0.0644893 0.900154
-0.822152 0.141779 0.55133
-0.360364 -0.932167 0.0346711
-0.840649 0.481568 0.247795
0.81229 -0.358913 0.459745
0.756663 0.102234 0.645762
-0.105372 -0.714596 0.691555
0.675038 0.169346 0.718085
0.40551 0.713779 0.571035
-0.972349 0.16817 0.16204
-0.500174 -0.235628 0.83325
0.587051 0.809383 0.0164232
0.0986635 -0.848419 0.520049
0.747647 -0.638837 0.181416
-0.420007 0.677225 0.60412
-0.738199 -0.564502 0.369323
0.688022 0.0572136 0.723431
-0.821744 0.0301703 0.569057
-0.795593 -0.164201 0.583155
0.247251 0.816015 0.522481
-0.0814699 -0.565007 0.821054
0.916527 0.0457824 0.397343
0.655642 -0.754786 0.0207704
-0.312673 0.944296 0.102664
-0.360679 0.852249 0.378922
0.851773 -0.455288 0.259221
0.529684 0.0543191 0.846454
0.0781019 0.78426 0.615497
0.112279 -0.0111166 0.993615
0.686532 0.708989 0.16127
-0.0795461 0.988645 0.127492
-0.84369 -0.0759886 0.531425
-0.733884 0.430363 0.525549
-0.937701 -0.207546 0.278643
0.406926 0.819028 0.40448
0.303047 -0.950385 0.0702167
-0.399274 -0.821091 0.407908
-0.789308 -0.37723 0.484449
0.73193 -0.679097 0.0557321
-0.487386 -0.849472 0.202121
0.788236 0.271065 0.552456
0.325326 0.243817 0.913628
0.129125 0.714156 0.687974
0.213934 -0.908734 0.358379
0.192335 0.875374 0.44354
-0.491721 -0.671573 0.554256
-0.0770903 0.497684 0.863925
-0.42293 0.861328 0.281505
-0.386178 -0.894894 0.223678
0.107659 0.290216 0.950886
-0.722591 0.345169 0.598933
-0.446887 -0.840185 0.307214
-0.388098 -0.718508 0.577171
-0.277104 -0.349753 0.894923
0.592852 -0.735234 0.328568
0.735189 -0.60563 0.304482
-0.374659 0.907545 0.189716
0.873618 -0.00875738 0.486534
-0.936587 0.280966 0.209433
-0.937105 0.198735 0.286948
-0.493265 0.158011 0.855408
0.613489 0.0040622 0.789693
-0.209371 0.929886 0.302449
0.528837 0.439745 0.725918
-0.574161 -0.488578 0.656986
-0.807169 -0.569595 0.155049
0.368596 -0.347453 0.862214
-0.820244 -0.57041 0.0428027
0.803507 -0.190551 0.563974
-0.656071 -0.290723 0.696456
0.719588 -0.562169 0.407626
0.389634 0.57844 0.716654
0.842417 -0.538819 0.00283774
-0.0389795 0.10588 0.993615
0.416405 -0.630114 0.655411
-0.0768999 0.210614 0.97454
0.869132 0.104121 0.483495
0.732212 -0.236309 0.638768
-0.938371 -0.106316 0.328871
0.0542666 -0.965834 0.253415
-0.535143 -0.32807 0.778455
0.872853 -0.30398 0.381737
-0.071655 -0.891572 0.447174
-0.532855 -0.58389 0.612485
0.62832 0.61543 0.475879
0.755633 0.625681 0.19376
-0.458319 -0.140492 0.877614
-0.666253 0.520501 0.534028
-0.301748 -0.521877 0.797868
-0.257865 0.944938 0.20149
-0.388162 0.142257 0.910546
-0.210797 -0.264654 0.941022
-0.476853 0.859892 0.182202
0.193379 -0.866079 0.46099
-0.852273 0.402387 0.334238
0.464574 0.38211 0.798851
0.80229 0.492969 0.336618
0.638812 -0.607026 0.472694
0.602974 -0.766683 0.220497
-0.619761 0.255491 0.742038
-0.70347 0.708094 0.0611021
-0.555499 -0.137985 0.819989
0.258223 -0.581706 0.771323
0.505356 -0.251905 0.825324
0.584384 0.227553 0.778919
0.0165954 0.72449 0.689086
-0.779783 -0.0597138 0.623196
-0.642292 -0.639138 0.42304
0.612782 0.753804 0.237232
0.347811 0.666462 0.659436
0.740393 0.213743 0.637285
0.165515 -0.790172 0.590112
0.0124586 -0.988471 0.150895
-0.74189 0.652933 0.152572
-0.142533 -0.989057 0.0380785
-0.674501 0.158897 0.720972
-0.577124 0.439192 0.688504
-0.0869571 0.8565 0.50877
-0.99199 0.0744291 0.10206
-0.735731 0.510119 0.445508
0.908424 0.380979 0.172104
-0.260056 0.138965 0.955542
0.394388 0.317191 0.862466
0.757475 0.377932 0.532353
-0.329795 0.0509779 0.942675
-0.443226 -0.386351 0.808878
-0.674005 -0.723722 0.148134
0.985786 -0.167635 0.0111802
0.0143395 0.944604 0.327899
0.506108 0.670552 0.542416
0.908898 0.320085 0.267301
-0.325182 -0.669368 0.667984
-0.319303 -0.246847 0.914938
0.279221 -0.922318 0.267144
0.776155 -0.299807 0.554707
0.598709 -0.220146 0.770119
-0.522682 0.806977 0.27494
-0.402767 0.513147 0.757931
0.731991 0.546038 0.407469
-0.872017 0.46904 0.139953
-0.702532 0.253064 0.665137
-0.880967 0.125653 0.45619
0.330538 -0.0378405 0.943034
-0.660059 -0.425809 0.618877
0.680961 -0.168006 0.712788
0.256436 0.163197 0.952684
-0.320298 -0.93688 0.140233
-0.449456 0.757958 0.472746
0.184733 0.0800746 0.979521
0.186622 -0.658334 0.729225
-0.587028 0.525305 0.615997
0.811029 0.574666 0.1095
-0.183703 -0.877445 0.443107
-0.0950081 0.733041 0.673517
0.549668 -0.645063 0.530809
-0.145155 0.797498 0.585599
0.174072 0.633876 0.753592
-0.525548 -0.845349 0.0958318
-0.100193 -0.984673 0.142763
-0.363078 0.755336 0.545566
0.492784 0.275911 0.82525
0.0753958 -0.658026 0.749211
0.931517 0.212107 0.295445
0.0822676 -0.994997 0.0566854
-0.421687 0.243587 0.87341
0.653248 -0.289576 0.69958
0.321729 -0.874979 0.361805
0.217837 0.268437 0.938344
-0.0267054 -0.192384 0.980956
0.813872 0.534787 0.227189
-0.126264 -0.837399 0.531809
0.451193 0.629727 0.632352
0.9757 0.0341833 0.216427
0.0814573 0.896033 0.436452
-0.116723 0.312677 0.942661
-0.280354 -0.927953 0.245569
-0.987423 -0.0246828 0.15616
0.946558 0.308442 0.0942905
-0.192841 -0.546942 0.814657
0.257008 0.450217 0.855132
-0.161401 0.662384 0.731572
-0.69078 -0.548872 0.470704
0.949812 0.248489 0.190029
0.136355 0.835032 0.533037
-0.255632 0.783506 0.566366
0.602721 0.719747 0.344515
-0.50685 -0.446471 0.737405
-0.429687 -0.635453 0.641537
-0.0509568 0.400304 0.914964
-0.150163 0.121796 0.98113
-0.596403 -0.386433 0.703543
0.922283 -0.244695 0.299197
-0.0304729 0.90521 0.423871
0.506686 -0.856749 0.0961839
-0.900033 0.301928 0.314291
-0.253171 0.882914 0.395433
0.44439 -0.87577 0.188532
-0.253091 -0.966437 0.0440919
-0.928486 0.108948 0.355028
0.659036 -0.456655 0.59761
0.36299 0.916625 0.16744
0.523161 -0.429989 0.735807
-0.866638 -0.487872 0.104496
-0.896557 -0.0931258 0.433027
-0.0502287 0.657964 0.751373
-0.852646 -0.283848 0.438662
-0.0367277 -0.648906 0.759981
-0.649522 0.671241 0.357151
0.350127 -0.710483 0.61043
0.940818 -0.133882 0.311348
-0.661663 0.731784 0.163385
0.865153 0.480963 0.142076
0.511097 -0.819221 0.260109
0.165427 -0.412975 0.895592
0.0351633 0.487696 0.872305
0.256806 0.953713 0.156467
0.897245 -0.193591 0.39683
0.320349 0.945175 0.0634063
0.842251 -0.251311 0.476923
0.106226 0.563453 0.819291
-0.894193 0.383475 0.23101
0.947525 0.100526 0.303465
-0.19336 0.974535 0.113546
0.94987 -0.0203417 0.311981
-0.617013 -0.783727 0.0711783
-0.397662 -0.0356099 0.916841
-0.0135977 -0.846122 0.532816
0.972382 0.232959 0.0142512
-0.167157 -0.365743 0.915582
0.0613311 0.388383 0.919455
0.407681 -0.909415 0.0822194
0.624696 0.385744 0.678938
-0.799577 -0.26843 0.537236
-0.97409 -0.221353 0.0463856
-0.311845 0.625799 0.714932
-0.180913 -0.0720839 0.980854
-0.0127162 0.999235 0.0369796
0.673633 0.637074 0.374641
0.473349 -0.152127 0.86764
0.801363 -0.552149 0.230107
0.477033 -0.742869 0.469665
0.154649 -0.116308 0.981099
-0.448828 -0.750274 0.485429
0.326427 0.0750901 0.942235
0.615938 -0.394748 0.681758
0.520331 0.848212 0.0989551
-0.959801 0.26209 0.100458
-0.944016 -0.312281 0.106373
-0.998608 -0.0293776 0.0438046
-0.508731 -0.0409045 0.859953
0.467605 -0.357099 0.808595
0.520699 0.809166 0.272256
0.608142 0.783397 0.128266
-0.546658 -0.699916 0.459655
0.147428 0.186434 0.971343
0 2.77556e-17 1
0.906457 0.158192 0.39155
0.372388 -0.141335 0.917252
-0.725352 -0.145405 0.672846
0.143254 -0.58205 0.800435
-0.228241 0.584399 0.778707
-0.840966 0.233531 0.488098
-0.216714 -0.696998 0.683542
-0.636655 -0.523185 0.566523
-0.913919 -0.403232 0.046432
-0.593972 -0.231924 0.77033
-0.770144 -0.473193 0.427746
-0.0595636 -0.785304 0.616238
-0.781743 -0.564475 0.265041
0.121803 -0.318662 0.94001
0.236419 0.908392 0.344863
0.7568 -0.123346 0.641903
0.548599 0.582772 0.599513
0.892561 -0.352277 0.281488
-0.726199 0.588236 0.355827
-0.63579 -0.728745 0.254366
-0.0132433 -0.490325 0.871439
-0.2722 0.413551 0.86884
0.972764 -0.0787758 0.218001
-0.232404 -0.90895 0.34612
0.911964 -0.0749613 0.403363
0.567127 -0.823604 0.00663383
0.820697 -0.0673612 0.567379
0.307003 -0.649737 0.695407
-0.894804 -0.296212 0.334042
-0.163612 0.405851 0.899175
-0.92553 -0.305543 0.223693
0.377637 -0.768068 0.517167
-0.582399 -0.793098 0.178346
-0.718447 -0.454572 0.526496
0.458112 0.749698 0.477584
0.908784 0.412399 0.063552
-0.901232 -0.196246 0.386352
-0.583608 0.676756 0.44878
0.0811859 0.967449 0.239691
-0.644439 0.348775 0.680481
0.146894 0.470931 0.869854
0.235324 -0.957341 0.167692
0.0621021 0.648196 0.758937
0.177026 0.37043 0.911835
0.609219 -0.553605 0.56778
-0.379711 0.423351 0.822553
0.103606 -0.931356 0.349059
0.0528232 -0.792851 0.607122
-0.603295 -0.038289 0.796599
-0.963763 -0.0157032 0.266298
-0.968896 -0.117615 0.217733
0.790687 -0.51217 0.335404
-0.927953 -0.0026706 0.372687
0.0997458 0.993916 0.0467187
-0.901889 -0.399199 0.165037
-0.0980092 0.943772 0.315736
-0.963873 0.0958947 0.2485
-0.880482 0.0140377 0.473871
-0.17027 -0.952235 0.253489
-0.243665 0.315444 0.917127
-0.427259 -0.896342 0.118412
-0.50014 -0.774327 0.387657
0.286098 0.347746 0.892872
-0.317268 0.229743 0.920087
0.424461 0.902443 0.0736801
-0.894905 0.216389 0.390284
-0.289551 -0.0538218 0.955648
0.217376 0.545629 0.809343
-0.659371 0.438057 0.611012
-0.198433 0.847289 0.492671
0.0249597 0.851573 0.523642
0.0123014 -0.295303 0.955324
-0.793775 0.497893 0.349319
-0.526317 0.846374 0.081497
-0.455128 0.339193 0.82329
0.809445 0.160749 0.564764
-0.558878 0.745709 0.36273
0.232812 -0.318623 0.918846
0.0846224 -0.210483 0.973928
0.965837 -0.23841 0.101583
0.363516 0.421223 0.83092
-0.461301 -0.887175 0.0110434
-0.664009 0.597347 0.449743
0.77138 -0.463823 0.435707
-0.00460926 0.302955 0.952994
-0.187386 0.225508 0.956051
0.193827 -0.978893 0.0648122
-0.544926 -0.788602 0.284889
0.934097 -0.348241 0.0786829
0.560261 0.335798 0.757197
0.451907 -0.689475 0.566042
0.989184 0.13243 0.0630626
0.860068 0.509205 0.0315199
0.532443 -0.0586373 0.844433
-0.728379 -0.650583 0.214955
0.677964 -0.720451 0.146001
0.413389 0.175948 0.893393
0.639399 0.533868 0.553312
0.50737 0.773996 0.378822
-0.14257 0.900755 0.41026
0.323411 0.906093 0.272766
0.299774 0.746039 0.594611
-0.817365 -0.475626 0.325105
-0.117933 0.583837 0.803259
-0.704306 0.661025 0.25884
0.195909 -0.218471 0.955976
0.863303 -0.133915 0.486594
0.798686 -0.594876 0.0906787
0.513485 0.166067 0.841876
0.891902 -0.449348 0.0509735
0.211688 -0.500591 0.839403
0.274388 -0.780798 0.561308
-0.0698647 -0.0887109 0.993604
0.234184 -0.723137 0.649793
-0.853689 -0.182134 0.487897
0.897495 -0.408062 0.167297
-0.777265 0.574774 0.255918
0.745964 0.661434 0.0777402
-0.962314 -0.216859 0.164086
0.146745 0.978002 0.14825
-0.355347 -0.14014 0.92417
0.0406787 -0.89854 0.437003
0.490482 0.538063 0.685504
0.434272 -0.0484626 0.899477
0.0313402 -0.577842 0.815547
-0.590915 -0.615949 0.520986
0.884562 0.268586 0.381329
-0.0553203 -0.380007 0.923328
-0.345397 -0.792284 0.502978
-0.246864 0.968947 0.0141633
0.423667 -0.457679 0.781688
0.994076 0.0276512 0.105114
0.0347135 0.989669 0.139106
-0.700443 -0.0425332 0.71244
0.700822 -0.353602 0.619528
-0.302234 0.504463 0.808809
-0.111645 0.0162901 0.993615
0.6793 0.433386 0.592223
0.283827 0.611557 0.738539
-0.811987 0.564369 0.14888
-0.942929 0.332705 0.0138569
-0.594646 -0.719289 0.359192
-0.457262 0.0558361 0.887577
0.126104 0.93224 0.339156
-0.899806 0.43481 0.0359004
0.325651 0.519895 0.789722
0.516106 -0.588263 0.62256
0.301284 -0.832696 0.464592
0.749898 0.58761 0.303922
0.603981 0.116662 0.788414
0.407151 -0.24281 0.880495
-0.922337 0.366315 0.122916
-0.13842 -0.176606 0.9745
-0.468068 -0.544284 0.696181
-0.847839 -0.483994 0.216606
0.0071286 -0.724927 0.688789
0.042977 -0.104322 0.993615
0.678072 -0.689463 0.254677
0.997921 -0.0569096 0.0302436
0.558416 0.699196 0.446425
0.460771 0.866215 0.193292
0.71444 0.322509 0.620937
-0.248433 -0.159084 0.955496
-0.0319775 0.97295 0.228792
-0.984717 0.169259 0.0410242
0.412626 -0.861454 0.296036
-0.365829 -0.581664 0.726523
-0.348519 0.329617 0.877432
0.0735031 0.0950275 0.992757
0.429183 0.483285 0.763045
-0.529044 0.254842 0.809424
-0.480724 0.431512 0.763349
-0.557219 0.348915 0.753502
-0.343196 -0.880434 0.327188
0.572998 -0.696031 0.432683
0.0990779 -0.497891 0.861562
0.741318 -0.410708 0.530817
-0.188329 0.501547 0.844383
