0.481062 0.304641 0.822054
0.190828 -0.524219 0.829927
-0.547831 -0.7958 0.25804
0.691735 0.711308 0.124674
0.0637554 0.698538 0.712727
0.922838 -0.0797935 0.376833
-0.169796 0.891313 0.420393
0.29382 -0.951533 0.0908507
0.226491 0.609374 0.759845
0.153165 0.972023 0.178079
-0.0251292 -0.480862 0.876436
0.200421 -0.877952 0.434778
-0.296952 -0.561155 0.772609
-0.669855 0.534236 0.515642
0.627429 0.506072 0.591797
0.662251 0.278825 0.695471
0.531042 -0.618248 0.579451
-0.420184 -0.188267 0.887694
-0.93444 0.0598106 0.351061
-0.445156 0.886933 0.123235
0.43616 -0.357333 0.82588
-0.768475 -0.502389 0.396298
0.325763 0.425673 0.844204
0.886896 -0.431666 0.164558
-0.817323 -0.126045 0.562224
0.117094 0.912217 0.392618
0.903515 -0.270012 0.332798
0.368317 -0.447072 0.81515
-0.689652 0.598093 0.408246
0.538415 0.835335 0.111015
0.161745 0.819617 0.549605
0.73752 0.610493 0.288726
-0.535056 0.799713 0.272349
-0.848706 0.196843 0.490868
0.0364798 0.97471 0.220475
0.467388 -0.173554 0.866849
0.329673 -0.0556238 0.942455
-0.945707 -0.309886 0.0980307
0.16643 0.983845 0.0659508
-0.861282 -0.0379756 0.506706
-0.275098 -0.958072 0.0801183
-0.921682 0.375085 0.0990666
-0.701745 -0.217901 0.678286
-0.456863 -0.629247 0.628749
0.751918 0.490334 0.440672
-0.566939 -0.484422 0.66627
-0.0712078 0.877683 0.473922
-0.564171 -0.389731 0.727888
-0.450431 -0.852749 0.264443
-0.357532 -0.68607 0.633624
-0.615676 0.727059 0.303857
-0.959986 -0.223212 0.169127
-0.599953 0.622127 0.503006
0.913116 -0.40351 0.0583004
0.941245 -0.248768 0.228415
0.53677 0.380188 0.753217
0.850652 -0.451222 0.269795
0.661239 -0.644109 0.384561
0.303294 0.860647 0.409024
0.382698 -0.807585 0.44872
-0.810356 0.468637 0.351713
0.632324 -0.329481 0.701148
-0.453443 -0.286961 0.843827
-0.00995504 -0.858625 0.512508
-0.226494 -0.805151 0.548116
-0.277908 -0.885232 0.373004
0.853984 -0.287869 0.433409
0.345882 0.917797 0.194975
-0.134036 -0.451261 0.882269
0.597282 0.749296 0.286024
0.190641 -0.233007 0.953606
0.842586 -0.00937154 0.538481
0.0412046 -0.954731 0.294602
0.907669 0.118258 0.40268
-0.700168 0.654135 0.286133
0.695741 -0.0417904 0.717076
-0.719031 -0.0158873 0.694797
-0.579005 0.284552 0.764057
-0.00245908 0.762405 0.647095
0.681344 0.692976 0.2357
0.0812739 -0.512292 0.854957
-0.358461 0.913896 0.190524
-0.164417 0.836476 0.522757
-0.257088 0.782268 0.567417
0.871192 0.463142 0.162865
0.473556 0.766002 0.434724
0.540882 -0.35865 0.7608
-0.889392 -0.231538 0.394174
-0.0145846 0.465255 0.885057
0.956514 0.290405 0.0273194
0.28027 -0.823137 0.493857
-0.927904 -0.136346 0.346993
-0.877131 0.447999 0.173024
-0.3299 0.202528 0.922035
0.267624 0.34594 0.899279
0.949287 0.278496 0.145924
-0.552958 -0.57621 0.601847
-0.382212 -0.0868461 0.919985
-0.449381 0.862299 0.233445
0.50598 -0.268694 0.819627
-0.888855 0.0583606 0.454457
-0.155302 0.772637 0.61556
-0.922831 -0.319466 0.21523
-0.171693 -0.189775 0.966699
-0.617821 0.761441 0.196228
0.969491 -0.143437 0.198778
-0.24514 0.968858 0.034922
-0.0375077 -0.796837 0.603028
0.155126 -0.433309 0.887795
-0.887556 -0.323287 0.328222
0.121264 -0.321053 0.939266
0.421332 0.223909 0.878831
-0.842677 0.300666 0.446648
0.953218 -0.299986 0.0371922
0.85923 0.0964274 0.50242
0.763148 -0.619212 0.184882
0.830541 -0.529197 0.173645
-0.78435 -0.580629 0.218325
-0.125125 -0.960466 0.248695
-0.0628145 0.819103 0.570197
0.611204 0.771629 0.176123
0.0490293 -0.404032 0.91343
-0.702588 0.689418 0.176277
-0.828243 0.54334 0.137096
0.430337 0.404492 0.806968
-0.836894 -0.22981 0.496786
0.32563 -0.614376 0.718684
-0.173891 -0.984066 0.03708
0.425949 0.865144 0.264752
0.200254 0.867743 0.454886
0.252336 -0.943163 0.216264
0.0174037 -0.909616 0.415085
-0.0989309 -0.275598 0.956168
0.27177 0.519019 0.810408
-0.440517 0.00736355 0.897714
0.772165 -0.0295417 0.634735
0.56894 0.722846 0.392175
-0.768149 0.632177 0.101492
-0.360684 0.883008 0.30034
0.576603 0.275636 0.769125
0.766715 0.638508 0.0667532
-0.0986585 -0.987697 0.121328
0.33362 -0.354966 0.873325
0.873493 -0.09881 0.476704
0.922232 0.375074 0.0938528
-0.112522 0.00829802 0.993615
0.215309 0.441977 0.870803
-0.683457 -0.722368 0.105221
0.480582 0.476724 0.736054
-0.997264 -0.0202842 0.0710814
-0.130395 0.470775 0.872564
0.221413 0.910516 0.349195
-0.216088 0.204954 0.95462
0.894244 -0.185552 0.407307
-0.449205 0.825767 0.341063
-0.985097 -0.126234 0.116825
0.970206 0.0646163 0.233506
-0.831547 0.0651963 0.551616
-0.346988 -0.893841 0.283983
-0.170219 -0.917114 0.360455
0.324409 0.895828 0.303728
0.495417 -0.867996 0.0338366
0.221118 -0.609425 0.761386
-0.581258 0.556852 0.593342
-0.0601169 -0.376842 0.924325
0.372362 0.798373 0.47323
0.223544 -0.033172 0.974129
-0.96755 0.171881 0.185214
0.755871 0.629804 0.178903
0.353827 0.931612 0.083096
-0.467416 -0.418337 0.778792
0.82312 0.42246 0.379474
0.02098 -0.669117 0.742861
-0.89601 0.367166 0.249709
-0.200111 -0.86664 0.457046
0.861325 -0.503483 0.0679946
0.248157 0.161087 0.955233
0.0826132 -0.983032 0.163778
-0.441779 0.197252 0.87517
-0.532087 -0.660589 0.529628
0.849903 0.319921 0.418707
-0.381157 0.292606 0.876984
0.297274 -0.532068 0.7928
0.985586 -0.0256139 0.167227
-0.0856169 -0.63863 0.764736
-0.897341 0.260472 0.356276
0.071192 -0.813594 0.577058
0.901506 0.236698 0.362299
-0.86899 -0.489172 0.0746141
-0.988371 0.0739032 0.132892
0.520929 -0.0165225 0.85344
0.736233 -0.132728 0.663584
0.851173 0.448251 0.273085
-0.777303 0.336463 0.531594
-0.267087 0.892724 0.362918
-0.914092 -0.0393474 0.403593
0.406735 0.834462 0.371805
-0.563006 0.473519 0.677351
-0.760771 0.0763117 0.644518
0.240797 0.939966 0.241828
-0.716292 -0.668782 0.199142
-0.348329 0.933971 0.0797758
0.113534 -0.0159363 0.993406
0.599762 -0.240755 0.763101
-0.306351 -0.829449 0.467079
-0.30939 -0.932807 0.184792
-0.526294 0.704181 0.476596
-0.799115 0.404916 0.444363
0.643247 -0.758475 0.104633
-0.641414 -0.499202 0.582568
-0.31053 -0.461137 0.831218
0.082182 -0.209061 0.974443
0.161456 0.532857 0.83066
-0.768309 0.604299 0.211008
0.725499 0.0625191 0.685378
0.31421 0.244572 0.91731
0.226727 -0.348598 0.909436
-0.743506 -0.585223 0.323594
-0.0279292 0.998546 0.0461
-0.611138 0.679347 0.406199
-0.351456 0.787998 0.505508
0.285523 0.679163 0.676176
-0.267506 0.92896 0.255877
0.661891 -0.409978 0.627549
-0.518874 0.380221 0.765638
0 0 1
0.400049 -0.263651 0.877752
-0.609956 0.373059 0.699128
-0.902925 0.156533 0.40028
0.828569 0.55987 0.00444904
0.408752 -0.844821 0.345252
0.785043 0.519908 0.336753
0.489767 0.643657 0.588077
0.459985 0.117551 0.880111
0.965222 0.176807 0.192575
0.573329 -0.440987 0.690525
-0.96288 -0.13183 0.235548
-0.793868 0.166413 0.584876
-0.612431 -0.789067 0.0479729
-0.0636724 -0.721552 0.689426
-0.211381 -0.515357 0.830497
0.134066 0.948517 0.286953
-0.241911 0.713463 0.657609
0.932619 -0.329993 0.146038
0.563119 -0.146341 0.813315
0.901409 -0.351755 0.252449
-0.534179 0.756724 0.376857
-0.613154 0.785283 0.0858616
-0.31659 -0.178102 0.931692
-0.951859 0.273524 0.138379
-0.103218 -0.548087 0.830028
-0.22389 0.0104976 0.974558
0.0417045 0.881208 0.470885
-0.33241 0.0119376 0.943059
-0.711232 -0.500394 0.493716
-0.261997 0.844893 0.466382
0.772941 -0.215998 0.596579
-0.917426 -0.396667 0.0313969
0.115161 0.620219 0.775929
-0.408973 -0.782215 0.469979
0.1759 0.69136 0.700771
0.152047 0.36209 0.919659
0.219438 -0.975583 0.00924292
0.742597 -0.481466 0.465554
0.0501026 0.822245 0.566925
0.0430679 -0.104284 0.993615
0.624176 0.778651 0.0640813
-0.780599 -0.415216 0.467184
0.497782 -0.526161 0.689469
-0.493384 0.561564 0.664242
-0.194514 -0.608751 0.769147
-0.604298 -0.78024 0.161395
0.802251 -0.468099 0.370509
0.396409 -0.916156 0.0593087
0.960405 -0.0582315 0.272455
-0.165636 0.107161 0.980348
-0.632519 -0.00951873 0.774487
0.688832 -0.23271 0.686554
-0.903306 -0.404373 0.143254
0.838664 -0.202342 0.505668
0.880762 0.470855 0.0505272
0.358025 0.140563 0.923071
0.439243 -0.684093 0.582308
0.438732 0.572356 0.692764
-0.317022 0.386354 0.866157
0.671449 -0.493898 0.552469
-0.881122 -0.135449 0.453075
0.0207631 0.189358 0.981688
0.00250341 0.628997 0.777404
0.584751 -0.526307 0.617307
0.378599 0.500805 0.778368
0.116639 0.762678 0.636174
0.737417 -0.56048 0.376933
0.643608 0.0582366 0.763136
-0.942617 0.157346 0.294475
-0.982654 -0.034145 0.182281
0.718527 -0.633175 0.287765
-0.208184 0.392224 0.896002
-0.484353 0.289454 0.825602
-0.932859 0.260337 0.248995
0.546915 -0.777862 0.309541
0.17914 -0.819627 0.544169
0.391206 0.660671 0.640681
-0.360818 -0.932571 0.0110332
0.937842 -0.165697 0.304955
-0.432623 0.901497 0.0118722
0.270655 0.809347 0.521252
-0.45305 -0.889459 0.0600783
0.456583 -0.877486 0.146799
-0.254853 -0.733168 0.630488
0.737307 0.349183 0.578316
-0.378119 -0.600532 0.704548
0.0492868 0.545095 0.836924
-0.839857 -0.324481 0.435146
-0.0674261 0.961949 0.264779
-0.600174 -0.6685 0.439203
0.258695 -0.759301 0.597109
0.685925 -0.701127 0.19475
0.0635609 0.991665 0.112078
0.790156 -0.546339 0.277789
0.721837 -0.314843 0.616299
-0.414194 -0.894913 0.166056
-0.637682 -0.306565 0.706668
-0.0811644 0.381269 0.920894
0.711119 0.451743 0.538738
0.589223 -0.807829 0.0150969
0.599515 -0.772412 0.209669
0.907972 0.365169 0.205519
0.152139 -0.757626 0.63471
0.78556 0.389486 0.480829
0.328782 -0.89967 0.287223
0.0434891 -0.746654 0.66379
0.0349773 0.372863 0.927227
0.426219 -0.610769 0.667307
0.505184 0.797101 0.330785
0.340743 -0.691246 0.637239
-0.692643 0.364136 0.622616
-0.84933 -0.494085 0.185791
0.673497 -0.570791 0.46968
0.998335 -0.00100151 0.0576714
-0.793745 -0.0253235 0.607723
-0.158324 0.301034 0.940379
0.261413 -0.144906 0.954288
0.823598 0.554924 0.11724
-0.878739 0.473146 0.0628607
-0.0949036 0.715521 0.692115
-0.633057 0.184735 0.751739
0.656937 0.670982 0.343827
0.610255 -0.0461171 0.790862
-0.280588 -0.367373 0.88674
-0.0613045 -0.938653 0.33937
-0.48435 -0.798464 0.357574
-0.483387 -0.0947433 0.870265
-0.993822 -0.110922 0.00367367
0.113781 -0.992458 0.0456094
-0.241308 -0.100768 0.965203
-0.277474 -0.651915 0.705701
0.808988 0.179954 0.559603
-0.727596 0.43789 0.528069
0.00662361 -0.996671 0.0812531
-0.394285 -0.503879 0.768535
0.696519 0.171146 0.696829
0.797294 0.0746659 0.598955
-0.275756 0.108983 0.955029
-0.496319 0.0990943 0.862466
0.399839 -0.533433 0.745371
-0.351996 -0.280018 0.893134
-0.822253 0.51219 0.248115
-0.717762 -0.410757 0.562225
-0.109975 0.632202 0.766959
-0.533895 0.829617 0.163375
0.574254 -0.714748 0.399208
-0.931285 -0.229415 0.282981
0.445196 0.881973 0.154674
-0.979794 0.186766 0.0715687
0.266892 0.963552 0.0183432
-0.85923 0.366859 0.356563
-0.873873 -0.411481 0.258902
-0.618744 -0.207523 0.757687
0.575742 0.455788 0.678807
0.981093 -0.193065 0.0134917
0.00312749 -0.5823 0.812968
0.394515 0.0337156 0.918271
0.0985486 -0.870029 0.48305
-0.164557 0.964388 0.207068
-0.774327 -0.226561 0.590837
-0.294915 0.56146 0.773167
0.897944 0.0105566 0.439983
0.359777 -0.756111 0.546678
0.237771 -0.689864 0.683778
0.112604 -0.600506 0.791652
0.940742 0.0319844 0.337611
-0.624012 -0.58791 0.514753
-0.256985 0.478371 0.839714
-0.578439 -0.73618 0.351351
-0.95696 0.289001 0.0265517
0.520446 0.199045 0.830371
0.737408 -0.400319 0.544034
-0.0737851 0.925476 0.37155
0.584994 0.600076 0.54561
0.80334 -0.387058 0.452584
-0.4453 0.777906 0.443361
0.808179 0.542789 0.228531
-0.0314642 0.286618 0.957528
0.0991141 0.455596 0.884652
0.858066 -0.371066 0.355012
-0.104745 0.202132 0.973741
-0.332949 -0.762777 0.554361
0.994664 0.102429 0.0122885
-0.322916 0.643548 0.693953
-0.753449 -0.65586 0.046495
-0.81422 -0.501213 0.292969
-0.745086 0.503895 0.436962
-0.0920007 -0.893933 0.438656
0.708792 0.584529 0.394893
0.434976 0.725736 0.533014
-0.697862 0.713194 0.0658989
-0.370547 0.480366 0.794949
-0.0523158 0.103932 0.993208
0.725486 -0.682249 0.0905894
-0.469995 0.47916 0.741289
0.798504 -0.596658 0.0799437
0.966774 -0.225252 0.120869
0.807132 0.284687 0.517196
-0.52598 0.848887 0.0523034
-0.66635 0.275322 0.692947
0.451215 0.891416 0.0422223
0.0873634 0.277207 0.95683
-0.357883 0.840942 0.405877
0.637267 -0.711185 0.296829
0.227434 0.754685 0.615405
0.334805 0.593884 0.731579
-0.669131 -0.10892 0.735119
-0.259243 0.95469 0.146148
0.25502 0.957997 0.131177
-0.421182 0.644491 0.638151
0.263582 -0.442197 0.857313
0.0292576 0.943891 0.328959
-0.548673 -0.292426 0.783227
-0.581674 -0.1052 0.806591
0.30487 -0.867571 0.392905
0.070114 0.0883975 0.993615
-0.171593 0.933287 0.315484
-0.119135 -0.837759 0.532885
-0.268654 0.297321 0.916202
-0.421072 0.383021 0.822188
0.55292 -0.824428 0.12082
0.224238 -0.918462 0.325799
0.153917 -0.121953 0.980529
-0.509212 -0.735015 0.447724
0.589659 -0.644673 0.486517
0.862899 0.202734 0.462931
0.793261 -0.303412 0.527901
-0.173556 -0.35222 0.919684
-0.200635 -0.965709 0.164781
-0.101576 -0.104099 0.989366
0.432764 -0.0708107 0.898722
0.189252 -0.973605 0.127582
0.612471 0.168498 0.772326
0.334797 0.740034 0.583319
0.656614 0.382218 0.650205
0.37494 0.32638 0.867696
-0.0633806 0.551957 0.831461
-0.0549896 0.986361 0.155142
-0.518527 -0.195278 0.832464
0.130119 -0.684118 0.717671
0.989567 -0.110378 0.0925944
-0.0227059 -0.978601 0.20451
-0.0290646 -0.190398 0.981277
0.14634 -0.956284 0.253189
-0.644791 -0.404331 0.648661
-0.664416 -0.663144 0.344662
-0.591174 0.0921906 0.801258
-0.690535 -0.586416 0.423411
-0.824365 0.565445 0.0263388
0.119789 -0.921751 0.368816
-0.15155 0.983729 0.0964894
0.813036 -0.113473 0.571048
0.672745 0.549044 0.495949
-0.74494 0.264472 0.612469
-0.808447 -0.578587 0.107935
0.290145 0.0561689 0.955333
-0.246584 -0.266815 0.931668
-0.782416 -0.322982 0.532455
-0.995984 0.0870541 0.0209098
0.468527 -0.445432 0.762937
-0.747342 -0.117396 0.653987
-0.975733 -0.214018 0.0462754
0.521998 0.823497 0.222196
-0.473156 -0.539974 0.696097
0.499886 -0.713135 0.491479
0.625159 0.639414 0.447579
-0.75832 0.565251 0.324718
-0.172972 -0.694332 0.698558
-0.219169 0.637773 0.738384
-0.541911 0.192493 0.818094
0.36626 -0.162879 0.916146
0.203151 0.264008 0.942884
-0.647662 0.46591 0.602878
0.535685 0.553237 0.637942
0.137609 0.177528 0.974447
-0.433739 -0.710687 0.553891
-0.637415 -0.726964 0.255394
0.941807 0.151345 0.300158
0.652493 -0.142596 0.744257
0.0122831 -0.295746 0.955188
-0.384377 -0.376404 0.842956
0.930061 0.263299 0.256243
0.474116 -0.843307 0.253078
0.701339 0.712725 0.0120835
-0.678462 0.0835879 0.729864
-0.968126 0.0599287 0.24319
-0.832894 -0.414307 0.366928
-0.541312 -0.00228536 0.840819
-0.233362 -0.934619 0.268382
0.481384 -0.779093 0.401601
0.555236 0.0878654 0.827038
0.742511 0.245595 0.623186
0.295168 -0.259249 0.919601
0.355804 -0.917275 0.178914
-0.716076 0.175328 0.675645
0.533462 0.687058 0.493325
-0.51367 -0.845679 0.14481
-0.953866 -0.0379618 0.297825
-0.39741 0.564002 0.723856
-0.388431 0.10609 0.91535
0.181388 0.0735295 0.980659
-0.511526 0.64274 0.570286
-0.34214 0.718427 0.605643
-0.434665 0.720153 0.540782
0.988157 0.0893967 0.124719
0.883165 0.348064 0.314436
-0.38255 -0.842901 0.378383
-0.714345 -0.316331 0.624216
-0.146205 -0.770935 0.619906
0.978176 0.192216 0.0789003
-0.177723 0.554385 0.813063
