0.641333 0.0561864 0.765203
-0.814699 -0.578118 0.0452202
0.0572961 -0.598855 0.798805
-0.78254 -0.539111 0.311431
0.920688 0.386828 0.0519448
0.398696 0.584361 0.706798
0.854208 -0.444375 0.269925
0.228986 0.866166 0.44421
-0.0868122 -0.995003 0.0493134
0.518529 0.437656 0.734565
0.531981 0.829969 0.167773
-0.11955 -0.478925 0.869677
-0.109615 -0.908982 0.402165
-0.410317 -0.444223 0.796433
-0.357538 0.722162 0.592156
0.829862 0.198098 0.521618
0.784946 -0.0302328 0.618826
0.308163 -0.802528 0.510867
-0.368544 -0.0588817 0.927744
-0.799221 0.393334 0.454461
-0.0553315 0.982128 0.179898
0.346159 -0.538037 0.768564
-0.858368 -0.191212 0.476069
0.547546 0.225957 0.80569
0.664643 -0.744738 0.0601297
-0.741882 0.1664 0.649555
0.497507 0.777588 0.384505
0.758951 -0.610385 0.226767
0.248336 -0.594494 0.764791
-0.361987 0.794118 0.488203
0.826261 0.560431 0.0566546
0.518716 0.667107 0.534697
0.940492 0.267973 0.208961
-0.15633 0.928271 0.337451
-0.653807 0.480073 0.584865
0.430199 0.874744 0.223051
0.449558 -0.382352 0.807283
0.376101 -0.224862 0.89888
-0.977094 0.0691886 0.201246
0.537404 0.841532 0.0549666
-0.753978 0.267274 0.600068
-0.612517 -0.783769 0.102611
-0.691754 0.692348 0.205256
-0.659418 0.0316675 0.751109
-0.597725 -0.438853 0.670919
0.922841 0.143831 0.357319
-0.639319 -0.265127 0.721789
0.319617 0.813304 0.486191
-0.594189 -0.181896 0.783488
-0.910481 -0.409054 0.0608264
-0.714391 -0.629116 0.306362
-0.527908 -0.5294 0.664115
-0.255059 0.890306 0.377227
-0.949735 0.15103 0.274214
-0.260889 0.777317 0.572464
0.791226 -0.599837 0.118981
0.714551 0.10821 0.691163
0.634466 -0.754337 0.16861
0.398083 -0.866089 0.302356
0.650225 0.658212 0.379426
0.0861075 -0.914165 0.396091
-0.528196 0.72346 0.444538
-0.992799 0.0847054 0.0847079
0.524322 -0.580709 0.622787
-0.441406 -0.135095 0.887079
-0.287427 -0.814951 0.50323
-0.462019 -0.684906 0.563421
-0.557609 -0.730346 0.394547
0.716768 -0.613118 0.332161
0.689709 0.705634 0.162426
-0.207535 -0.410407 0.887972
0.864853 0.449675 0.223208
0.181474 -0.336225 0.924132
0.823898 -0.35701 0.440155
-0.299351 -0.912084 0.280162
0.918988 -0.25707 0.298957
-0.362404 0.856071 0.368518
0.694666 -0.340081 0.633865
-0.595998 0.223912 0.771135
-0.345079 0.444414 0.82669
0.355858 0.671884 0.649567
0.91529 0.368217 0.163279
-0.0361409 -0.547383 0.836102
0.0413681 0.970573 0.237226
0.223162 0.808285 0.544861
0.121786 0.791272 0.599213
0.993873 0.087417 0.0676397
0.772702 0.50467 0.385019
0.435204 -0.575837 0.692105
-0.865481 0.105008 0.489812
0.254523 0.390074 0.884907
-0.00932347 -0.891799 0.452336
-0.869002 0.209959 0.448055
-0.615405 0.738931 0.274333
-0.132074 0.265761 0.954949
0.469101 0.171694 0.866294
0.99289 -0.111937 0.0404874
-0.97163 -0.221711 0.0823342
-0.668245 -0.351915 0.655442
-0.991928 -0.113648 0.0562336
-0.291475 0.0186434 0.956397
-0.0575737 0.955392 0.289675
0.443663 -0.482485 0.75523
-0.747529 0.369372 0.552055
0.216345 0.741158 0.635515
-0.947978 0.0456698 0.315044
-0.13312 -0.158952 0.978271
-0.254657 0.928338 0.270811
0.854636 -0.511849 0.0872291
0.150812 0.986058 0.0703223
-0.279855 -0.752016 0.596786
0.0652906 -0.504269 0.861075
-0.905692 0.0229596 0.423313
0.082531 -0.390352 0.916959
0.561216 0.00152114 0.827668
-0.612836 0.575874 0.541111
0.876192 -0.263843 0.403329
0.481061 -0.871773 0.0926925
0.576364 -0.813772 0.0746905
-0.920925 -0.248346 0.300369
-0.458823 -0.851682 0.253216
0.314509 0.75113 0.580421
0.875141 0.470578 0.112627
-0.0182462 -0.438127 0.898728
-0.362133 0.895152 0.259928
-0.537524 0.810153 0.233925
0.631627 0.168459 0.756749
-0.806304 0.0813864 0.585875
0.135162 -0.727783 0.672357
-0.533959 -0.844133 0.0482441
0.749986 0.622976 0.222312
0.563008 0.701683 0.436649
-0.109035 -0.97785 0.178663
-0.291724 -0.867494 0.402928
-0.100381 -0.265366 0.958908
0.530457 0.33442 0.77896
-0.311027 0.128961 0.941611
0.761215 -0.353699 0.543551
0.839371 0.430656 0.33165
-0.451826 0.871084 0.192523
0.0385198 0.93732 0.346334
0.712537 -0.00429519 0.701621
-0.98107 0.188912 0.0425859
-0.697503 0.710409 0.0938487
-0.457826 -0.880428 0.123458
0.257744 -0.499203 0.827263
0.811675 -0.448212 0.374553
0 -3.09133e-17 1
0.455123 0.281732 0.844683
-0.894185 -0.411883 0.175459
0.69835 0.219609 0.681234
-0.91585 0.357559 0.182673
0.149104 0.439922 0.885571
0.588216 0.738486 0.329607
-0.023411 0.222988 0.97454
0.790399 -0.532669 0.302544
-0.0606104 0.916126 0.396283
-0.940787 0.252785 0.225876
0.93873 -0.321813 0.123382
-0.682523 0.348911 0.642202
-0.63328 -0.707452 0.313797
-0.472294 -0.800164 0.369697
0.672516 0.688002 0.272718
0.0454515 -0.68557 0.726587
-0.143551 0.989626 0.00575406
-0.259715 0.70534 0.659578
-0.106868 -0.372001 0.92206
0.69615 0.571146 0.434934
0.29052 -0.165316 0.94248
-0.803249 0.517843 0.294328
0.953692 0.284395 0.0979343
0.691041 0.721051 0.0504825
-0.511259 -0.247751 0.822942
0.955942 0.0571579 0.287937
-0.163021 -0.663495 0.730204
-0.656065 0.667598 0.351982
-0.470604 -0.747092 0.469453
0.385845 0.00560865 0.922547
-0.2854 -0.947334 0.145279
-0.241496 0.305893 0.920929
-0.688785 -0.434092 0.580636
0.945074 -0.049704 0.323055
-0.14904 0.370738 0.916701
0.14823 -0.644763 0.749873
0.911499 -0.407601 0.0550469
-0.246931 -0.595855 0.764187
-0.950688 -0.309847 0.0136948
-0.687548 0.564186 0.457134
-0.189153 -0.807573 0.558612
0.954773 -0.143325 0.26051
-0.977935 -0.124362 0.167859
-0.865274 0.437982 0.24387
0.55768 -0.257095 0.789237
0.691498 -0.43674 0.575403
0.980881 0.075691 0.179285
-0.530531 0.579698 0.618455
0.134453 0.907452 0.398061
-0.813355 0.291368 0.503545
0.731346 0.596527 0.330589
-0.266522 0.617182 0.740306
-0.603943 0.327487 0.726639
0.606507 0.76375 0.220988
-0.894269 -0.354679 0.272919
0.047225 0.990879 0.126211
0.198125 -0.108477 0.974156
0.534771 -0.489543 0.688744
-0.552803 -0.672796 0.491685
-0.623737 -0.752704 0.210685
-0.164424 0.826352 0.538616
-0.533032 0.655639 0.534804
0.309433 -0.950585 0.0252916
-0.721776 -0.246145 0.646879
-0.378446 -0.349695 0.857025
0.0932378 -0.273862 0.957239
0.436576 0.388189 0.81161
-0.451655 0.83984 0.301126
-0.879845 0.474764 0.021714
0.758862 -0.253507 0.599885
0.474722 0.0594476 0.878126
0.165728 -0.45444 0.875225
-0.874604 -0.273499 0.400332
0.362685 0.930153 0.0572342
-0.258919 0.839326 0.478009
0.0311475 0.835658 0.548366
0.591092 0.483852 0.645366
0.137211 0.946509 0.292052
0.513115 -0.662545 0.545662
-0.252977 0.509749 0.822289
0.100719 -0.0508499 0.993615
0.354239 -0.440432 0.824945
-0.346016 0.541215 0.766393
-0.728178 0.468119 0.500622
0.0852889 -0.953205 0.290044
0.954138 0.163799 0.250583
0.756016 0.377747 0.534553
0.555951 -0.111458 0.823708
0.973141 -0.214259 0.0842033
0.426267 -0.660637 0.617944
-0.910589 0.233119 0.341296
-0.605704 0.42631 0.67185
-0.860396 -0.497605 0.110031
-0.266239 -0.676939 0.686201
-0.308359 -0.437484 0.844703
0.516388 0.810007 0.277906
0.11836 0.717384 0.68655
0.743804 -0.667349 0.0374269
0.542476 -0.390975 0.743544
0.717518 -0.680962 0.146489
-0.161516 0.882936 0.440837
-0.252329 0.954183 0.160823
-0.265136 -0.0911971 0.959889
-0.754513 0.608084 0.24687
-0.221718 -0.508881 0.831794
-0.10328 0.0454245 0.993615
0.424289 0.7737 0.470498
-0.205491 0.0896955 0.97454
-0.795257 -0.21613 0.56644
0.131167 0.856096 0.499896
0.686442 -0.524191 0.504005
-0.991195 -0.0183129 0.131136
0.422145 0.489261 0.763163
-0.628541 -0.590244 0.506506
0.497652 0.535621 0.682241
0.371292 0.229595 0.899682
0.543397 -0.751049 0.375027
0.419013 0.711182 0.56449
0.0995313 -0.163207 0.981558
-0.828861 -0.109721 0.54859
0.324103 -0.710438 0.624688
-0.170119 0.67261 0.720177
-0.334944 -0.527011 0.781071
-0.838118 -0.498322 0.221887
0.593706 -0.7566 0.273988
0.0177522 -0.99982 0.00672292
0.886456 -0.433472 0.162165
-0.0120938 0.112178 0.993615
-0.506131 0.192783 0.840635
0.611894 -0.512155 0.60273
-0.969932 -0.0364939 0.240626
0.742849 -0.531998 0.406392
0.475549 -0.0535576 0.878057
0.198904 -0.828491 0.523488
0.692328 0.32604 0.643723
-0.0552516 0.433405 0.899504
0.482079 -0.739842 0.46929
-0.81504 0.187572 0.548204
0.190687 0.116987 0.974655
0.322277 0.540205 0.777377
-0.825226 0.56026 0.0714948
0.396592 -0.740033 0.5432
0.618272 0.278538 0.734953
0.464163 0.627322 0.625316
0.499357 -0.817515 0.286899
0.689895 -0.230219 0.686327
-0.774948 0.48937 0.399965
-0.896567 0.333543 0.291404
0.445109 -0.872897 0.199823
0.0498931 0.395846 0.916961
-0.250132 0.409753 0.877232
-0.731001 0.583047 0.354533
0.234216 -0.942204 0.23957
-0.0957168 -0.852592 0.513736
0.6774 0.428325 0.598053
-0.688344 -0.72406 0.0438242
0.827731 -0.525742 0.196105
-0.0494501 0.996462 0.0679567
0.611864 0.617579 0.494185
-0.751483 -0.651617 0.103292
0.0966458 -0.991491 0.0872045
-0.245769 0.968096 0.0488665
-0.45209 -0.611836 0.649054
0.869061 0.0120868 0.494557
-0.506791 -0.446195 0.737613
-0.447885 0.890392 0.0812466
0.338969 0.441899 0.830557
-0.612797 0.788381 0.0541793
-0.851607 -0.0017509 0.524177
0.334401 0.900292 0.278657
-0.763418 -0.410861 0.498384
0.00580425 -0.829897 0.557886
0.379711 -0.918481 0.110507
0.450649 0.885592 0.112439
0.543205 -0.819509 0.182572
0.60355 -0.59698 0.528528
-0.707245 -0.676843 0.204176
-0.631834 -0.0760342 0.771365
0.164761 0.336079 0.927311
0.880448 0.118759 0.45903
0.274523 -0.952133 0.134462
0.994279 -0.0192115 0.10507
-0.0875542 -0.789671 0.607251
0.919011 0.0358705 0.392598
-0.0150202 -0.970427 0.240928
-0.18012 -0.739631 0.648462
0.268755 0.283753 0.920464
0.0538297 0.998457 0.0136511
0.223687 -0.760159 0.610018
0.803209 0.526617 0.278442
0.111292 -0.800365 0.589093
-0.433035 0.568368 0.699599
-0.950583 -0.14204 0.276073
0.446076 -0.807401 0.386161
-0.676961 0.24809 0.692946
0.0650826 0.290409 0.954687
0.280343 -0.281886 0.917577
0.980865 0.192601 0.0284227
-0.618313 0.76836 0.165263
0.25754 0.661527 0.704312
-0.434278 0.37348 0.819705
0.895331 0.351712 0.273279
0.621982 -0.315262 0.716762
-0.309348 -0.277362 0.909601
-0.38274 -0.860467 0.336313
-0.715282 -0.570815 0.403166
-0.392368 0.0524228 0.918313
-0.954307 0.275999 0.114557
-0.272321 -0.9619 0.0242799
-0.162959 -0.0501845 0.985356
-0.434054 -0.532031 0.727008
0.867936 -0.1705 0.466494
-0.446296 0.65458 0.610201
-0.36869 -0.926782 0.0717185
-0.478045 -0.354061 0.803812
0.775157 -0.142765 0.615426
0.820713 -0.265248 0.506037
-0.923885 0.375939 0.0714598
-0.115004 0.157097 0.980864
-0.330543 0.236696 0.913628
0.237054 -0.682683 0.691194
-0.340672 -0.169838 0.924715
-0.532814 0.773468 0.343303
-0.759908 -0.134374 0.63599
0.219232 0.586543 0.779682
-0.154749 0.960978 0.229291
0.292588 -0.898913 0.326111
-0.914311 0.12858 0.38406
0.763029 0.636778 0.110911
-0.820213 0.542028 0.18291
-0.611667 0.64787 0.454013
-0.761519 0.647665 0.0248803
-0.934004 -0.0601493 0.352164
-0.571261 0.00559226 0.82075
0.77187 0.166941 0.613471
-0.138986 -0.58011 0.802593
0.467499 -0.165855 0.868295
-0.195199 -0.865315 0.461657
0.240386 0.94248 0.232264
-0.738163 0.0557691 0.672313
0.0229526 0.59137 0.806074
0.872438 -0.354692 0.336223
0.0947159 -0.862894 0.496431
-0.999793 -0.00724002 0.0190002
0.0220112 -0.762229 0.646933
-0.0476596 -0.637538 0.768943
0.909637 -0.346008 0.229867
-0.74672 -0.331221 0.576803
0.0325384 0.496829 0.867238
-0.778325 -0.477155 0.408086
-0.76451 0.630002 0.13646
0.637741 -0.0567261 0.768159
0.577719 -0.678149 0.454264
-0.527585 0.849419 0.01194
0.325305 0.863614 0.38516
0.822386 0.303397 0.481281
0.63411 -0.686371 0.356088
-0.0651127 0.865252 0.497092
0.973262 0.181612 0.140638
0.177694 0.227902 0.957333
0.355115 0.337865 0.871631
0.680651 -0.687493 0.253115
0.0796129 0.176995 0.980987
-0.542804 -0.60555 0.581956
0.0208171 0.681848 0.731198
-0.938779 -0.320834 0.125535
-0.910305 -0.167446 0.378557
-0.446162 0.726811 0.522192
-0.383728 -0.812537 0.438789
-0.353202 0.934777 0.0379593
0.914845 0.249548 0.317467
0.731724 0.477194 0.486688
-0.359778 0.920915 0.149921
-0.0754219 0.544208 0.835553
-0.956494 0.291741 0.00267166
0.0919576 0.0653749 0.993615
0.41278 -0.910827 0.00271647
-0.172557 0.583707 0.793417
0.812859 -0.582384 0.00944446
0.902203 -0.0709472 0.425436
-0.151269 0.981401 0.118198
-0.435946 0.472782 0.765786
0.283059 0.173982 0.94319
0.035557 0.892051 0.450533
0.341473 -0.914421 0.217325
0.56068 0.578792 0.592147
0.609133 0.383531 0.694162
-0.581889 0.116965 0.804813
0.143627 0.972695 0.182307
0.615343 0.780604 0.109594
-0.0746217 0.72299 0.686817
0.158338 -0.55224 0.818511
0.422656 0.843526 0.331399
-0.537005 -0.100782 0.837537
-0.493 0.0834481 0.866018
-0.0139876 -0.937058 0.348892
0.198387 0.00437397 0.980114
0.232898 0.910935 0.340522
-0.377555 -0.755133 0.535936
-0.0400313 0.330239 0.943048
-0.15645 0.472201 0.867496
0.202827 -0.977886 0.0509917
-0.114299 -0.949912 0.290866
0.193154 -0.22108 0.955937
-0.704638 -0.507352 0.496063
0.342443 -0.844527 0.411712
0.916428 -0.16509 0.364562
0.664586 -0.60914 0.432753
-0.201981 -0.30582 0.930418
-0.538587 -0.82349 0.178291
-0.0335682 -0.107718 0.993615
0.46047 -0.27593 0.8437
-0.187558 -0.977413 0.0973931
0.704611 -0.117031 0.699876
0.650348 0.525999 0.548063
0.814941 0.0696689 0.575342
0.556892 0.114361 0.822674
0.237657 0.491431 0.837863
0.344151 0.923667 0.168523
-0.467053 -0.0250821 0.883874
-0.0711629 -0.717639 0.69277
-0.376249 -0.905194 0.197639
-0.00099677 -0.214601 0.976701
-0.207634 -0.951463 0.227171
-0.681766 -0.160635 0.713717
-0.829838 -0.376636 0.41172
-0.426411 0.26957 0.863427
-0.816396 -0.299855 0.493542
-0.536627 0.834715 0.123622
-0.207086 -0.915347 0.345333
0.248617 0.961003 0.121089
0.760061 -0.443515 0.474976
0.878307 0.225381 0.421639
-0.520345 0.496796 0.694575
-0.953374 -0.231668 0.193413
0.384076 -0.107252 0.917051
-0.234979 -0.199764 0.951251
-0.788515 -0.0271966 0.614414
-0.878486 0.458717 0.133569
0.335673 -0.628499 0.70165
-0.665093 0.143059 0.732929
-0.973028 0.171764 0.153996
0.817844 0.550102 0.168875
-0.571593 -0.353655 0.740412
0.234251 -0.873786 0.426175
0.864487 0.329398 0.379682
-0.446038 0.794204 0.412662
-0.355167 -0.610636 0.7078
0.118284 0.634736 0.763623
-0.340967 0.342546 0.875445
0.365817 -0.33648 0.867732
0.382844 0.118398 0.916195
0.265999 0.963927 0.00946386
-0.354638 0.646194 0.67577
0.768437 0.274244 0.578183
0.292645 0.061922 0.954214
-0.615334 -0.519041 0.593262
-0.838572 -0.441301 0.319454
0.952704 -0.234316 0.193523
0.618982 -0.418052 0.664902
-0.00615662 -0.326283 0.945252
-0.412478 -0.243934 0.8777
0.980518 -0.124252 0.152139
0.136573 -0.97202 0.191116
-0.517014 0.29851 0.802239
-0.840954 0.41176 0.35107
-0.886602 -0.0838618 0.454866
-0.412968 0.161343 0.89634
-0.546241 -0.78759 0.285171
0.182876 -0.923059 0.338405
0.626614 -0.172451 0.76001
0.838554 -0.0878092 0.537696
0.263893 -0.398542 0.878365
-0.00789483 -0.991466 0.130124
-0.521744 0.40029 0.753359
0.803249 0.405987 0.43585
-0.78176 -0.592416 0.194667
-0.859977 0.313177 0.402939
-0.0750995 0.635269 0.768631
-0.223517 0.199367 0.954093
0.293488 -0.0510824 0.954597
-0.165041 0.75924 0.629536
0.0230511 0.76279 0.646236
-0.067731 0.802929 0.592214
0.953768 -0.300242 0.0134752
0.975911 -0.0310913 0.215941
-0.636835 -0.651677 0.412018
-0.714247 -0.0516543 0.697985
-0.367957 -0.687553 0.626001
0.131802 0.538166 0.83247
