-0.421317 0.635857 0.646667
0.866867 -0.453838 0.206333
0.414378 0.41918 0.807824
0.786639 -0.410201 0.461447
-0.778752 0.175954 0.602151
-0.0101875 0.988774 0.149072
-0.924542 -0.133523 0.356922
-0.0424062 -0.998698 0.0283646
0.918875 0.37812 0.112672
-0.703813 0.351472 0.617345
-0.992493 0.116577 0.0369737
0.376658 0.217495 0.900458
0.810627 0.362642 0.459755
0.481796 -0.0642083 0.873928
-0.556616 -0.568805 0.605507
-0.601687 0.708488 0.368805
-0.389996 0.783747 0.483367
0.519865 0.69732 0.493442
0.104638 -0.184906 0.97717
-0.0538044 -0.827889 0.558306
-0.872122 -0.469719 0.136992
0.237155 0.643365 0.727901
0.490455 -0.613859 0.618572
-0.536268 0.48137 0.693325
0.100293 -0.650809 0.752588
-0.956253 0.136434 0.258778
0.184575 0.974129 0.130401
0.330778 0.581893 0.742957
-0.606534 -0.618002 0.50019
-0.884801 0.223519 0.408859
-0.675585 0.73624 0.0391916
-0.798438 -0.515292 0.3114
-0.210194 -0.722403 0.658751
-0.994302 0.0132216 0.105781
0.0485469 0.669317 0.741389
-0.0703948 0.544637 0.835712
0.342836 -0.870121 0.354053
-0.35183 -0.934227 0.0586228
0.0215376 -0.713097 0.700735
0.954752 -0.175289 0.240257
-0.33798 -0.898465 0.280232
0.172243 -0.504632 0.845978
0.573935 -0.247756 0.780522
-0.574713 0.79491 0.194483
0.431362 -0.356613 0.828707
-0.922104 -0.0243926 0.386172
0.999992 -0.00313106 0.00228903
0.330145 -0.346657 0.877971
0.756352 -0.612835 0.228834
0.837573 -0.30999 0.449863
0.624826 -0.14604 0.766985
-0.726028 -0.58054 0.368587
0.249317 -0.873859 0.417387
-0.6458 -0.510675 0.567586
0.173736 0.98462 0.018404
-0.491037 0.667992 0.559169
0.37426 0.92185 0.100606
0.561673 0.779782 0.276522
-0.916208 0.324647 0.234878
0.730187 0.537242 0.422136
-0.465584 -0.738435 0.487796
0.349627 -0.905361 0.241002
0.214282 0.802139 0.557366
0.209275 -0.219948 0.952799
0.792851 0.175505 0.583598
0.746388 -0.0300652 0.664832
0.848675 -0.114876 0.516288
0.193075 0.95106 0.241262
-0.950193 0.311423 0.0122418
0.352006 0.11107 0.929385
-0.80603 0.589178 0.0564371
0.618154 -0.773417 0.140401
0.111159 0.425935 0.897899
-0.0948183 0.943551 0.317365
0.910922 0.181289 0.370614
-0.208905 0.965133 0.157723
-0.647452 -0.66106 0.379217
-0.0760989 0.845549 0.528447
-0.0292188 -0.532813 0.845729
-0.342219 -0.403619 0.848515
0.980007 -0.198216 0.0171949
-0.831224 0.0915591 0.548346
0.405064 0.317965 0.857217
-0.910961 -0.371965 0.178303
-0.882276 -0.100162 0.459952
-0.829094 -0.175404 0.530883
-0.833721 0.502855 0.228135
0.240825 0.729705 0.639948
0.227993 -0.752059 0.618407
-0.563432 0.158088 0.810896
0.74545 0.449727 0.491986
0.140935 -0.807653 0.572568
-0.421091 -0.843474 0.333518
-0.291489 -0.118949 0.94915
0.921605 -0.386966 0.0300387
-0.46068 0.443969 0.768547
0.613675 -0.748737 0.25059
0.529195 -0.351213 0.772401
0.529353 -0.818636 0.222757
-0.00159712 -0.148215 0.988954
-0.860254 -0.446115 0.246869
0.146493 0.702856 0.696085
-0.0666085 -0.759362 0.64725
-0.830157 -0.0647409 0.553759
0.764012 -0.634292 0.118147
0.337621 -0.819753 0.462619
0.0846803 0.0745609 0.993615
-0.747552 -0.610451 0.261756
0.722424 0.16534 0.671391
0.31925 0.391257 0.863132
0.326565 -0.758791 0.563552
0.203598 0.362003 0.909671
-0.344856 0.59739 0.724016
-0.308361 -0.734787 0.604154
-0.196416 0.943218 0.267881
0.555083 0.829861 0.0566915
0.463755 0.885726 0.0205119
0.58949 -0.665036 0.458507
0.930162 0.00975865 0.367019
-0.875569 0.0107449 0.482974
-0.148768 -0.986758 0.0646323
0.292483 0.292222 0.910527
-0.669597 -0.691828 0.270212
-0.513925 -0.811733 0.277436
-0.516113 0.575597 0.634284
0.211785 -0.677258 0.704606
0.510044 0.53058 0.677008
0.980521 -0.0853201 0.176913
-0.910011 0.409366 0.0655762
-0.923466 0.234995 0.303293
0.898083 0.366677 0.242888
0.853376 0.183046 0.488102
0.16744 0.149112 0.974541
-0.62228 0.414049 0.664327
-0.0895888 -0.217078 0.972034
-0.0824845 0.89939 0.429295
-0.790695 0.588594 0.168399
-0.600898 -0.768563 0.219618
-0.892941 -0.34604 0.287946
-0.391134 0.718244 0.575448
0.87795 -0.469489 0.0937188
0.256593 -0.947185 0.192356
-0.338424 -0.925421 0.170487
0.970634 0.00761707 0.240441
0.23438 0.554927 0.798199
-0.000460155 0.965799 0.259292
-0.117861 0.123218 0.985356
-0.550062 0.379319 0.744009
0.73822 -0.58303 0.339274
-0.582033 0.602202 0.546434
0.0612195 -0.948338 0.3113
-0.561731 0.0424997 0.826228
-0.954692 0.227489 0.191865
0.350755 -0.936304 0.0175011
-0.303304 -0.0011888 0.952893
0.0926096 0.976212 0.196043
-0.836498 -0.417953 0.354381
0.256101 -0.963292 0.0805022
0.160419 -0.9178 0.363192
-0.0874893 -0.681563 0.72651
0.870955 -0.202042 0.447903
0.87643 -0.0110325 0.481403
-0.939946 0.317767 0.124605
0.83264 0.553814 0.00057688
0.505352 0.438922 0.742945
-0.592444 -0.466439 0.656845
0.269648 0.186933 0.944641
-0.865292 0.411353 0.286458
-0.0910891 0.447502 0.889632
-0.144115 -0.907339 0.394926
0.347834 -0.238786 0.906638
-0.503808 0.854713 0.125073
0.576617 0.24513 0.779374
-0.34886 -0.837675 0.420236
0.816639 -0.0211847 0.576759
-0.282826 0.452216 0.845878
0.952116 0.1929 0.237202
-0.275286 -0.237966 0.931445
0.620241 -0.341522 0.706162
-0.40796 0.897632 0.166811
-0.37309 -0.186007 0.908959
0.421202 0.514238 0.747093
0.549111 0.144636 0.823139
0.691124 -0.69893 0.183966
-0.255305 -0.805906 0.534168
0.73668 0.265872 0.621783
-0.321415 0.940725 0.1083
0.519611 -0.78768 0.331005
-0.0398227 -0.932363 0.359323
-0.108326 0.706174 0.699703
0.0183123 0.879142 0.476209
-0.518447 0.855011 0.0130176
-0.356954 -0.654227 0.666761
-0.914465 -0.241394 0.324782
0.0374656 -0.788345 0.614092
-0.891035 0.41816 0.176632
-0.520418 -0.422747 0.741923
-0.112788 -0.592034 0.797981
-0.972418 0.218879 0.0805883
0.675797 -0.596896 0.432451
-0.918538 -0.389625 0.0669405
-0.10498 0.344095 0.933048
0.120691 0.778383 0.61608
0.783838 -0.124616 0.608333
0.919249 -0.185902 0.347017
-0.727781 -0.451691 0.516052
-0.413669 -0.700997 0.580931
0.708471 0.70539 0.022201
0.459412 -0.447293 0.767378
0.376453 -0.0712048 0.923695
0.0903546 0.323889 0.941771
-0.632898 0.310833 0.7091
-0.585931 -0.740938 0.328171
-0.0400295 -0.989207 0.140948
-0.177374 0.859061 0.48016
-0.364516 0.501023 0.784923
0.229164 0.459309 0.858207
0.579822 -0.600428 0.550719
0.697391 -0.713063 0.0720207
-0.690787 -0.54854 0.471081
-0.822931 -0.28181 0.493323
-0.766265 0.383787 0.51531
-0.937982 -0.269634 0.217916
0.301207 0.819639 0.487305
-0.440284 -0.352215 0.82589
-0.115936 0.234398 0.965203
0.139993 0.613432 0.777241
-0.420961 -0.455538 0.784396
-0.15702 -0.793132 0.588461
0.777833 0.54106 0.319734
-0.593642 0.800416 0.0832079
-0.730933 0.563776 0.384569
-0.241408 0.643206 0.726642
0.329048 0.750915 0.572585
0.151107 -0.868015 0.472987
-0.193619 -0.644914 0.739322
0.807511 -0.52256 0.273601
0.639018 0.154532 0.753509
0.425419 0.0288263 0.904537
-0.980852 0.125367 0.149037
-0.772045 -0.134344 0.621207
0.0230219 0.747489 0.663875
0.275086 0.959445 0.0615921
-0.767952 -0.48669 0.416392
-0.758639 -0.633603 0.151702
0.0843266 -0.0749607 0.993615
-0.240293 -0.910807 0.335693
0.452592 0.136026 0.881282
-0.112324 0.0106483 0.993615
-0.930836 0.0840617 0.355639
-0.104732 -0.10202 0.989254
0.47435 -0.535697 0.698585
-0.879263 -0.208587 0.428238
0.10687 0.905318 0.411068
0.435251 -0.851758 0.291658
-0.710928 0.24652 0.658642
0.741721 -0.226974 0.631136
-0.775793 0.282384 0.564274
-0.473346 0.335508 0.81448
0.955873 0.288722 0.0542762
0.386912 0.865301 0.318675
0.620808 -0.783467 0.0278719
-0.883892 0.119178 0.452251
-0.0138743 0.28254 0.959155
0.993385 0.00804018 0.114549
0.39636 -0.615595 0.681133
0.417403 0.683899 0.598378
0.765111 -0.643875 0.00555097
-0.609685 -0.365011 0.703599
0.524346 0.0378657 0.850663
0.785202 -0.488761 0.380224
0.38172 0.899826 0.211195
0.882361 0.467475 0.0539071
-0.0213349 0.999084 0.0370887
-0.211769 0.0611449 0.975405
-0.0490557 -0.430769 0.901128
0.117179 0.846157 0.519892
0.429228 -0.811271 0.396992
0.100611 0.946673 0.306085
-0.264172 0.552715 0.790392
0.589395 0.614005 0.524987
-0.669813 0.544253 0.505113
-0.468007 -0.133486 0.873585
0.441561 -0.894482 0.0701883
0.392688 0.817659 0.420987
0.125432 -0.737515 0.66358
-0.302689 0.23589 0.923437
-0.714233 0.137015 0.686365
-0.146018 -0.973354 0.176809
0.421611 0.751284 0.507756
-0.605782 0.511456 0.609459
-0.836121 0.204407 0.509038
0.475827 0.845491 0.24235
-0.178089 0.798244 0.575405
-0.143597 -0.856463 0.495834
0.0613548 -0.907063 0.416501
0.559214 0.811787 0.168169
-0.482675 -0.0214507 0.875537
-0.3589 -0.297828 0.884584
-0.240977 -0.865465 0.439204
0.708712 0.661524 0.245178
0.741138 0.363241 0.564597
-0.749033 0.479295 0.457412
0.941704 -0.276492 0.191691
0.0826216 0.992972 0.0847315
-0.874279 -0.484778 0.0250129
-0.876714 0.323205 0.356246
0.897813 -0.35765 0.256941
0.830879 0.543374 0.119936
-0.760716 -0.647874 0.0396177
0.666832 -0.0436939 0.743926
-0.449923 0.823702 0.345087
0.993111 0.103748 0.0544599
0.532766 -0.155845 0.831789
0.99317 -0.0967611 0.0651994
-0.606715 -0.7875 0.10836
-0.640216 0.202662 0.74098
-0.440351 -0.890599 0.113682
0.312994 -0.687408 0.655366
-0.981638 -0.0761315 0.174902
0.641941 -0.428107 0.63611
0.67122 0.448186 0.590419
0.639021 0.763533 0.0931047
0.470683 0.872296 0.132505
0.205169 0.867897 0.452394
0.889014 -0.294738 0.350405
0.253739 -0.429176 0.866848
-0.480977 0.10832 0.870016
-0.545781 0.781276 0.302871
0.712283 0.688681 0.135539
0.67047 0.3536 0.652255
-0.480989 0.844564 0.235288
0.842928 0.454106 0.288548
0.661589 0.254283 0.705436
-0.479119 0.223004 0.848949
0.507446 0.615754 0.602782
-0.854086 0.50679 0.117047
0.594996 0.531958 0.602496
-0.399148 -0.552936 0.731398
0.510623 -0.742195 0.434064
0.478465 0.806061 0.348333
-0.00606656 -0.62492 0.780665
-0.399824 0.0441804 0.915526
0.91611 -0.37484 0.14226
0.0201805 0.488015 0.872602
-0.433185 -0.872758 0.225042
-0.78536 0.0160661 0.618831
-0.239096 -0.451334 0.859727
-0.737993 0.666474 0.105725
-0.0761318 0.78032 0.62073
0.275519 -0.0362714 0.960611
0.894854 0.0912148 0.43694
0.774602 -0.325145 0.542469
0.017007 -0.257329 0.966174
0.158779 -0.953938 0.254541
0.973625 0.196123 0.116574
-1.38778e-17 -1.04083e-17 1
0.578626 -0.0541409 0.813794
-0.28342 0.901603 0.326781
-0.459623 -0.614558 0.641143
0.978974 0.100941 0.17726
0.430265 -0.163835 0.887711
-0.285028 0.825431 0.48726
-0.182956 0.907466 0.378196
0.0614702 -0.977433 0.202102
-0.205194 -0.051655 0.977357
-0.173741 -0.286369 0.942235
0.422981 0.602628 0.676702
0.191652 -0.110595 0.975212
-0.496191 -0.777546 0.386286
0.377809 -0.532755 0.757254
-0.710637 0.0253116 0.703103
-0.815528 -0.541974 0.202925
0.634354 0.70426 0.318767
0.240851 -0.818885 0.520978
-0.1451 -0.946971 0.286691
-0.362763 -0.776958 0.514528
-0.24633 -0.962206 0.116109
0.421416 -0.755099 0.502229
0.148635 -0.406362 0.901542
-0.559334 0.682596 0.470327
0.483248 0.237686 0.842601
-0.159426 0.595047 0.78772
0.802211 0.274624 0.530131
-0.972561 -0.183981 0.142392
0.194563 -0.594819 0.779959
-0.63203 -0.147117 0.760851
-0.105907 0.972607 0.206928
0.668901 0.53409 0.51703
0.442368 -0.87817 0.18201
0.593323 0.442963 0.672124
0.973651 -0.187685 0.129532
0.498364 0.340171 0.797444
-0.117412 0.988468 0.0956314
0.554414 -0.439606 0.706662
-0.441387 -0.897317 0.000415199
-0.559195 -0.0884656 0.824302
0.718191 -0.42251 0.55289
-0.24243 -0.943135 0.227428
-0.319476 0.683974 0.655832
0.297571 0.872522 0.3875
-0.527107 -0.84801 0.0551118
-0.95752 -0.0545055 0.283168
-0.687488 0.649416 0.324993
0.291755 0.913982 0.281985
-0.801073 -0.386565 0.457
-0.393788 0.172243 0.902919
0.820812 -0.547467 0.162935
-0.559429 0.268919 0.784042
0.284496 0.94294 0.172992
-0.308229 0.111419 0.944765
0.708894 -0.134985 0.692278
-0.702893 -0.199039 0.682879
0.682514 -0.669667 0.29278
0.503532 -0.682504 0.529759
-0.513674 -0.657864 0.550776
0.840498 0.0813504 0.535672
-0.682658 -0.729156 0.0480494
-0.660715 0.735248 0.151213
-0.803262 0.491551 0.336373
-0.68062 -0.714921 0.160139
0.531288 -0.839787 0.111762
-0.550366 -0.209172 0.808297
0.158897 -0.976758 0.143861
-0.215664 0.174232 0.960798
-0.538029 -0.318042 0.780624
-0.382309 0.881932 0.275744
-0.822158 -0.561798 0.0918665
-0.320498 -0.504241 0.801887
-0.390249 0.287958 0.87452
-0.863585 -0.315402 0.393374
0.639571 0.741063 0.204386
-0.831266 0.307525 0.463061
-0.690527 0.450996 0.565486
0.0559279 -0.467954 0.881981
-0.951194 -0.289295 0.107418
-0.692498 -0.307428 0.652636
0.326236 0.4899 0.808436
-0.975948 0.0339844 0.215339
0.954125 -0.28852 0.0800129
0.226434 -0.326034 0.91784
0.0396254 -0.36672 0.929487
0.800016 0.453272 0.393088
-0.206357 0.294161 0.933213
-0.95393 -0.163033 0.251868
0.77519 0.0728853 0.627509
-0.387879 -0.0681351 0.919188
-0.454456 -0.244384 0.85659
0.77649 0.626635 0.0662674
0.826563 -0.560544 0.0508335
0.157166 -0.987075 0.0313375
0.86227 0.363249 0.352903
-0.000313963 0.388244 0.921557
0.702437 -0.332914 0.629087
0.553953 0.734348 0.392261
-0.297478 0.929467 0.218168
0.200543 0.915533 0.348685
0.251372 0.0740374 0.965055
0.948828 -0.082697 0.304774
-0.0064102 0.141343 0.98994
-0.055359 0.63545 0.770155
0.941685 0.287055 0.175582
-0.286996 0.76187 0.580678
-0.818322 0.405168 0.407661
-0.487037 0.759844 0.430618
-0.442924 0.542057 0.714137
-0.258279 -0.966063 0.00380062
-0.640815 0.0916666 0.762203
-0.993759 -0.0916256 0.0636194
0.12286 -0.292633 0.948299
0.58902 0.346137 0.730236
0.948209 0.100038 0.301484
0.0765513 0.216259 0.97333
0.912063 0.273595 0.305428
0.357803 -0.442258 0.822426
0.650766 -0.512936 0.559821
-0.155103 -0.392126 0.906742
0.566813 -0.525603 0.634401
-0.523204 -0.83561 0.16737
0.865714 0.27235 0.419959
-0.979571 -0.198759 0.030574
0.00613857 0.93043 0.366419
-0.635446 0.726687 0.261026
-0.296516 -0.598452 0.744267
0.601455 -0.714421 0.357567
-0.180833 0.500879 0.846415
0.168872 -0.000399408 0.985638
0.297383 -0.609041 0.735277
-0.0395093 -0.966986 0.251749
0.330247 0.666653 0.668215
0.0776117 -0.56213 0.823399
0.255218 -0.918613 0.301684
-0.868514 0.495634 0.00552023
0.478373 -0.254522 0.840463
0.625736 0.653689 0.425611
-0.717133 0.662385 0.216716
-0.560873 -0.701646 0.439448
0.616363 0.0486789 0.785956
-0.707448 -0.0876374 0.701311
-0.258994 -0.348031 0.900998
0.0372448 0.582052 0.812298
-0.381268 0.397908 0.834448
0.0608888 -0.994049 0.0903235
-0.500048 -0.521674 0.691237
-0.649287 0.626816 0.43073
-0.295894 0.348334 0.889444
0.66226 -0.236724 0.710896
0.723091 -0.502859 0.473575
-0.231531 0.971682 0.0471973
0.0228909 0.817639 0.575276
0.182038 0.258195 0.948787
0.294689 -0.146442 0.944306
0.783783 0.58269 0.214841
-0.133973 -0.492808 0.859763
-0.0397489 -0.885829 0.462305
0.409668 -0.689848 0.596893
-0.0684339 -0.327373 0.942414
0.907594 -0.0924858 0.409535
0.702503 0.619685 0.349972
-0.210518 0.72533 0.655422
-0.352621 0.847107 0.397579
0.135962 0.521258 0.842499
0.871613 0.456241 0.179262
-0.216835 -0.548918 0.807261
-0.765164 0.580629 0.278197
0.847558 -0.399857 0.348941
0.0503211 -0.851789 0.521462
-0.623764 -0.258204 0.737732
-0.192149 -0.16994 0.96654
-0.195611 0.400095 0.895355
-0.678424 -0.410764 0.60911
-0.765986 -0.244041 0.594735
-0.755601 -0.349049 0.554284
0.351018 -0.92728 0.130148
-0.425436 0.903297 0.055306
0.811235 -0.218239 0.542466
0.27678 -0.522063 0.806749
0.70015 0.0619865 0.7113
-0.635434 -0.0236485 0.771793
