-0.213913 -0.81245 0.542371
0.0525542 -0.677315 0.733813
0.285992 0.224813 0.931487
-0.27833 -0.558342 0.781528
-0.90264 0.230523 0.363455
0.073517 -0.377815 0.922958
0.213061 0.549371 0.807958
-0.688788 0.276392 0.670208
0.693389 0.360375 0.623972
0.0774955 0.968184 0.237939
-0.180245 0.864666 0.468897
-0.927856 0.370941 0.0385506
-0.739683 0.665592 0.0992763
-0.12293 -0.979103 0.162006
-0.49954 0.00516435 0.866276
0.863659 0.503065 0.0319216
0.985812 -0.0382537 0.163439
2.77556e-17 -8.67362e-18 1
0.871844 -0.277632 0.403495
0.731762 0.584096 0.351222
0.39935 -0.446827 0.800541
0.107352 -0.900955 0.420423
0.15473 0.806561 0.570542
0.668524 -0.552876 0.497398
-0.507439 0.793961 0.334861
-0.528799 -0.648923 0.547057
-0.0474828 0.345973 0.937042
-0.392322 0.34318 0.853411
-0.262084 0.955447 0.135765
-0.439911 -0.855778 0.272254
0.36964 -0.724567 0.581695
0.924834 -0.374551 0.0662792
0.735029 -0.657662 0.164963
-0.456978 0.618568 0.639175
-0.763888 -0.0693963 0.641606
0.584147 0.0773002 0.807958
0.911089 0.279275 0.303186
0.324975 -0.127842 0.937042
0.454061 -0.851771 0.26137
0.481214 0.643363 0.595414
0.403475 0.856304 0.322414
0.209236 -0.977158 0.0371934
-0.120855 0.65313 0.747539
-0.77351 -0.393295 0.496992
0.633463 0.770951 0.0660232
0.673732 -0.2474 0.696332
-0.550675 -0.331391 0.766118
-0.99955 0.0240247 0.0179415
0.830625 0.0404138 0.555364
-0.723382 -0.643455 0.250369
-0.916723 -0.386889 0.0996742
-0.253327 -0.24037 0.937042
-0.934379 -0.12174 0.334835
-0.729412 0.533328 0.428391
