-0.381765 0.652627 0.654472
0.678366 -0.679872 0.278555
0.331161 0.213318 0.919145
0.561347 -0.643608 0.520248
-0.820243 0.306981 0.482664
0.844892 -0.528384 0.0834713
0.190887 0.937484 0.291009
-0.982248 0.0722373 0.17312
0.940283 0.115935 0.320042
-0.711059 0.454857 0.53619
0.229834 0.0196438 0.973032
0.764507 0.093114 0.637855
0.269592 -0.275328 0.922776
-0.782911 -0.466094 0.412076
-0.481196 0.797324 0.364313
-0.284981 0.803522 0.522626
0.558968 0.485901 0.671905
-0.138094 -0.305144 0.942241
-0.355228 -0.839267 0.411635
0.725908 -0.685443 0.0568003
0.230594 0.482475 0.845011
0.200687 -0.779479 0.593411
-0.536458 0.528865 0.657659
0.566802 0.801983 0.18857
-0.206002 -0.728644 0.653177
-0.930014 0.349909 0.112419
0.376587 0.875344 0.303241
0.302398 0.397821 0.866195
-0.820908 -0.489718 0.293746
-0.871612 0.399809 0.283629
-0.479423 0.876891 0.0348563
-0.942055 -0.322325 0.0929451
-0.499534 -0.708096 0.499066
0.054418 0.554435 0.830446
-0.106625 0.455435 0.883861
0.0531763 -0.960629 0.272697
-0.285146 -0.762952 0.580169
0.820137 -0.438235 0.367865
-0.586781 -0.805529 0.0825343
-0.122072 -0.616248 0.778034
0.727849 0.683937 0.0496627
0.333155 -0.465751 0.819807
-0.400671 0.891397 0.211833
0.162492 -0.53873 0.82666
-0.960338 0.173475 0.218306
0.950694 -0.259905 0.169202
0.0586514 -0.508255 0.859207
0.531657 -0.806621 0.258271
0.635476 -0.559185 0.53243
0.407983 -0.379669 0.830302
-0.899715 -0.4095 0.151072
-0.0493281 -0.946738 0.318203
-0.846713 -0.383437 0.368855
0.572581 0.81626 0.0766163
0.39102 0.899737 0.193845
-0.423218 0.710411 0.56232
0.550905 0.779486 0.298169
0.661175 0.576746 0.479803
-0.843302 0.522964 0.123897
0.736092 0.285424 0.61376
-0.712319 -0.640355 0.28731
0.073951 -0.984601 0.158407
0.279766 0.658483 0.698664
-0.0417983 -0.363168 0.930786
0.679335 -0.0949115 0.727664
0.571053 -0.288902 0.768397
0.678254 -0.381368 0.628117
0.357224 0.83958 0.409263
0.17582 -0.0792816 0.981225
-0.641275 0.76727 0.00789257
0.380325 -0.916366 0.125004
0.0261621 0.288363 0.957164
0.0662755 0.898422 0.434103
0.835496 -0.0977321 0.540735
-0.00549847 0.964878 0.262642
-0.845789 -0.508142 0.162581
0.0192264 0.777707 0.628333
-0.320354 -0.591597 0.739856
-0.588762 -0.387393 0.709427
0.883268 -0.443788 0.151293
-0.879128 0.244885 0.408858
0.288885 0.113356 0.950629
-0.954768 0.0828422 0.285578
-0.935796 -0.0104172 0.352388
-0.721938 0.673745 0.157711
0.271715 0.57356 0.772787
-0.0812998 -0.844909 0.528696
-0.661022 0.213059 0.719483
0.716326 0.190214 0.671338
-0.167986 -0.871271 0.461158
-0.663699 -0.736836 0.128748
0.795295 -0.606063 0.0138976
-0.49422 -0.137204 0.858442
0.781159 -0.611509 0.125886
-0.488199 0.465779 0.738046
0.980605 -0.061181 0.186199
0.359862 -0.902843 0.235318
0.268091 -0.552854 0.788974
0.268862 -0.945508 0.183651
-0.23302 -0.243831 0.941408
0.98947 0.0410249 0.138805
-0.971932 -0.233337 0.0300219
0.164487 0.56619 0.807696
-0.369173 -0.779283 0.506388
-0.915591 0.0938485 0.391006
0.555999 -0.817813 0.148484
0.0383179 -0.922063 0.385137
-0.0999392 -0.0523663 0.993615
-0.90589 -0.421722 0.0388962
0.305567 0.942739 0.133683
0.592444 -0.0956418 0.799915
0.22309 0.205207 0.952954
0.0218881 -0.871031 0.49074
0.0969192 0.201986 0.974581
-0.333348 0.588073 0.736919
-0.584987 -0.689181 0.427575
0.489402 0.87173 0.023935
-0.0206553 0.929272 0.368818
0.710352 0.649194 0.271934
0.643634 0.730046 0.229713
0.31492 -0.837602 0.446372
0.814578 -0.267142 0.514876
-0.927139 0.185333 0.325675
0.995867 -0.0517684 0.0746227
0.165107 0.112024 0.979893
-0.852322 -0.520805 0.0480552
-0.733504 -0.676733 0.0632822
-0.483567 0.620322 0.617546
-0.0964764 -0.777738 0.621141
0.474224 0.309287 0.824289
0.878237 -0.351868 0.323865
-0.884717 0.431629 0.175987
0.89189 0.0968697 0.441755
0.757726 -0.0933681 0.645858
5.55112e-17 -1.52656e-16 1
-0.628233 0.489231 0.604959
-0.329445 -0.285682 0.899917
0.0454365 0.841294 0.538664
-0.649116 0.751247 0.119484
-0.987922 -0.133003 0.0795029
-0.319661 0.731386 0.602405
0.707702 -0.686165 0.16833
-0.0146572 -0.995907 0.0891853
0.877816 -0.266557 0.397978
0.193354 0.390962 0.899868
0.172842 0.901562 0.396626
-0.279759 0.0472284 0.958908
-0.583449 0.429117 0.689526
0.499342 -0.784693 0.367307
-0.522622 0.671853 0.524863
-0.224591 -0.959114 0.172216
-0.689376 0.0999636 0.717474
-0.893994 0.443901 0.0610482
-0.478787 -0.0213891 0.877671
0.276457 0.894193 0.352123
-0.964175 -0.223438 0.142974
-0.133388 -0.96057 0.243951
0.101159 0.988828 0.10948
-0.386718 -0.707318 0.591735
0.692782 -0.463813 0.552205
0.930123 -0.352138 0.104257
0.735806 -0.285106 0.614251
-0.845536 0.533797 0.0114318
0.921443 0.318451 0.22256
0.435278 0.21562 0.874094
-0.803401 -0.363808 0.471372
0.112054 0.0131911 0.993615
-0.784916 0.587911 0.195619
-0.159686 0.361849 0.918459
-0.427155 -0.875621 0.225446
0.0949018 -0.412082 0.906191
-0.305425 0.937815 0.16498
0.450726 0.00734373 0.892632
-0.610865 -0.758729 0.226216
0.657535 -0.289332 0.695654
0.652597 0.748372 0.118562
-0.332384 0.420095 0.844418
0.903985 -0.0834129 0.419349
-0.502988 -0.253915 0.826154
0.84911 0.52772 0.0228715
0.370207 -0.560091 0.741111
-0.212507 0.950163 0.228103
-0.579506 -0.176566 0.795611
0.371891 0.30917 0.875278
0.206068 0.97607 0.0694519
0.392422 -0.0866764 0.915692
0.458454 -0.867998 0.190785
-0.537107 -0.763939 0.35765
0.639308 0.00241743 0.768947
-0.108435 0.975386 0.191998
0.245237 -0.924402 0.292129
-0.326617 -0.922773 0.20448
-0.0780205 0.634409 0.76905
0.127324 0.791136 0.598242
-0.296971 0.953394 0.0533702
-0.624951 -0.605736 0.492464
-0.991376 -0.0307056 0.1274
-0.270252 -0.830434 0.487179
-0.78596 0.612366 0.0852933
-0.741611 -0.349064 0.572859
-0.404185 -0.622145 0.6705
0.418134 -0.791588 0.445592
-0.205638 0.26157 0.943024
0.173451 0.65363 0.73667
0.998162 0.0542884 0.0269148
0.595934 -0.383562 0.705509
0.762607 -0.450312 0.464381
-0.900748 -0.300406 0.313702
-0.672733 -0.62729 0.392349
0.834242 0.493759 0.245444
0.18029 -0.62676 0.758068
0.157775 -0.260137 0.952594
-0.0261451 0.19112 0.981218
-0.671297 0.388157 0.631423
-0.795664 -0.59544 0.111225
-0.0644108 0.821656 0.566332
-0.386636 0.49424 0.778614
0.154168 0.294234 0.943217
0.302398 -0.782525 0.544252
0.483426 -0.871664 0.0806317
-0.879132 -0.398344 0.261628
-0.947229 -0.110388 0.30095
-0.742657 0.512445 0.431115
-0.999053 -0.0408073 0.0151065
0.380539 0.660203 0.64755
-0.66563 -0.310495 0.678623
-0.24802 0.155653 0.956168
0.121308 0.473568 0.872363
-0.663036 -0.410477 0.626013
-0.45139 -0.782479 0.428922
0.93548 0.35338 6.66301e-05
0.802732 0.287406 0.522513
-0.395243 0.913002 0.101042
-0.641066 0.689806 0.336457
-0.224729 0.605281 0.763631
0.00451335 0.999193 0.0399159
0.37405 0.578234 0.725074
-0.152527 -0.921639 0.356815
-0.481758 -0.646178 0.591915
0.592463 -0.737605 0.323924
0.494176 -0.0930748 0.864365
0.231497 -0.174602 0.957039
-0.88992 0.00510098 0.456088
0.485999 0.862945 0.138318
0.0637661 0.644089 0.762288
0.969749 0.128557 0.207507
0.473029 0.845085 0.249149
-0.927287 -0.31347 0.204634
-0.135098 -0.195966 0.97126
-0.507715 -0.848171 0.151099
0.28696 -0.0761638 0.95491
-0.30235 -0.063223 0.951098
-0.937309 0.283084 0.20326
-0.320494 -0.172997 0.931319
0.187623 -0.708468 0.680346
-0.970834 -0.0188631 0.239008
0.230691 0.800268 0.553491
0.157849 -0.960279 0.230103
-0.7505 0.351573 0.559595
0.527464 -0.473465 0.705417
-0.785095 0.412401 0.462116
-0.534664 0.36007 0.764515
0.966313 0.0265389 0.255998
0.506343 0.699445 0.504373
0.402924 -0.915122 0.0142856
-0.90369 0.294836 0.310509
-0.138452 0.176344 0.974543
0.924646 -0.25903 0.279164
0.0982535 -0.763437 0.638365
0.437409 0.488499 0.755011
0.57724 -0.815712 0.03751
-0.805503 -0.266723 0.529172
0.3385 -0.185761 0.922448
0.557861 -0.710374 0.429138
0.530849 0.745021 0.403909
0.938041 0.217226 0.269983
0.204982 0.961781 0.181548
0.934455 0.338002 0.112019
-0.381623 0.0127028 0.924231
-0.326506 -0.494145 0.805739
0.20505 0.729565 0.652449
0.140565 -0.930668 0.337785
0.255276 0.852423 0.456299
-0.280171 0.517599 0.808453
0.599466 0.384742 0.701865
-0.611444 0.642947 0.461255
-0.65058 -0.0980897 0.753077
0.198019 -0.980157 0.00895809
0.480368 0.641647 0.597944
-0.184537 -0.809259 0.557716
-0.41712 0.209318 0.884419
-0.784671 0.244333 0.569731
0.966964 0.250214 0.0487161
-0.400895 -0.91612 0.00271948
0.985049 0.145019 0.0929974
0.475158 0.561505 0.677449
-0.578915 0.584254 0.568775
-0.849679 0.358635 0.386558
0.601569 0.665445 0.441925
-0.0982264 0.75359 0.649964
-0.434911 -0.83725 0.331457
-0.235804 -0.930313 0.280916
0.687871 0.619289 0.378569
-0.638839 0.0131404 0.769229
-0.587187 -0.285159 0.757559
-0.518423 -0.815078 0.258621
0.779842 0.428588 0.456244
0.989256 -0.145691 0.0121279
0.677618 0.100732 0.728483
-0.692479 0.605766 0.391817
0.793822 -0.527143 0.303261
0.293024 0.924321 0.244473
-0.830218 0.498948 0.248574
0.720144 -0.600588 0.347399
0.893561 0.296582 0.337028
0.476396 -0.289722 0.830125
-0.305178 0.871534 0.383791
0.958644 -0.160798 0.23483
0.30516 -0.372135 0.87658
0.909864 -0.354609 0.215407
-0.709804 0.2828 0.645137
0.00730671 -0.808401 0.588587
0.384651 -0.641658 0.663565
0.625703 0.197652 0.754606
0.767552 0.560161 0.311584
0.624795 0.703832 0.338013
0.307314 0.734822 0.604644
0.707805 -0.547492 0.446391
-0.0310807 -0.5668 0.823269
-0.6059 0.137983 0.783483
-0.397895 0.859712 0.320273
0.847793 0.512885 0.134894
0.890686 0.41799 0.178779
0.811404 0.465056 0.354044
-0.189086 0.981942 0.00604456
0.590644 0.100581 0.800639
-0.308021 0.91086 0.274695
0.850656 0.190346 0.490054
0.548468 0.00194213 0.836169
-0.573227 0.249886 0.780364
0.506372 0.399447 0.764218
-0.71828 0.69419 0.0466276
0.570251 0.296477 0.766104
-0.654399 -0.504219 0.563494
0.226747 -0.888993 0.397841
0.573788 0.615965 0.539772
-0.306807 -0.679357 0.666591
-0.552654 0.0508307 0.831859
0.7564 -0.609998 0.236138
-0.0409424 0.373976 0.926534
-0.660426 -0.750707 0.0166417
-0.867092 0.153308 0.473971
-0.503946 -0.460869 0.730505
-0.568328 0.819016 0.0788435
-0.0143772 0.70553 0.708534
0.0624795 -0.20446 0.976879
0.786012 -0.186997 0.589252
0.55356 -0.56712 0.609874
-0.236185 -0.35112 0.906053
-0.121724 -0.983693 0.132402
0.949237 -0.0734192 0.305874
-0.199182 -0.102943 0.974541
0.376085 -0.284315 0.881887
-0.124897 0.905546 0.405446
-0.708339 -0.538625 0.456223
0.920074 -0.172509 0.351717
0.793377 0.601839 0.0913398
0.194592 -0.359262 0.912724
-0.176132 0.816238 0.550211
-0.038142 0.880103 0.473248
-0.209378 -0.975899 0.0615018
-0.402023 -0.0975867 0.910414
-0.41975 -0.327605 0.846454
0.40819 0.400903 0.820157
-0.0375696 -0.255864 0.965983
-0.730342 -0.659636 0.177427
0.0847258 -0.686902 0.721794
-0.810596 0.134339 0.569988
0.704357 0.481166 0.521882
-0.0652177 -0.9024 0.425936
-0.415764 -0.902313 0.113891
-0.628741 -0.706519 0.324833
0.12525 -0.885515 0.44741
-0.132725 -0.521472 0.842883
-0.467133 0.751121 0.466481
0.347522 0.0176456 0.937506
-0.170073 0.53167 0.8297
0.721979 0.00344378 0.691906
-0.10868 -0.701851 0.703984
-0.787431 -0.0574854 0.613717
0.0844843 0.940559 0.328954
0.65812 0.288356 0.695507
0.180313 -0.9762 0.120501
0.534064 0.204215 0.820409
0.857295 -0.4436 0.261276
0.394773 0.116903 0.911311
0.0993943 0.970212 0.22093
0.284605 -0.637505 0.715952
-0.717079 -0.0263472 0.696493
0.475112 -0.647282 0.596066
-0.495714 -0.867545 0.0404126
-0.275443 0.671785 0.68763
0.409274 0.722231 0.557563
-0.980547 0.16423 0.107504
-0.5679 0.767087 0.298441
0.43441 0.774429 0.459943
-0.943584 -0.21293 0.253592
-0.514572 0.173648 0.83968
0.621366 -0.753562 0.214589
-0.626051 0.321305 0.710509
0.455953 0.815341 0.356827
-0.455631 0.0889283 0.885716
0.505461 -0.382932 0.773222
-0.851447 -0.0811685 0.518122
0.897508 0.435817 0.0673947
0.4354 -0.848868 0.299751
0.214838 -0.839661 0.498813
-0.751875 -0.557066 0.352649
0.712309 -0.19269 0.674897
-0.487812 0.86059 0.146368
-0.717136 0.643923 0.266607
0.287886 -0.954905 0.0726531
-0.733598 -0.142964 0.664375
-0.104881 -0.99426 0.0211571
-0.356084 0.123883 0.926206
0.784573 0.585908 0.202873
-0.741698 -0.247907 0.623239
0.72315 0.671452 0.161881
0.401332 0.912254 0.0820061
-0.213444 0.917278 0.336217
-0.582232 -0.484866 0.652619
0.966152 -0.251467 0.0575749
-0.478598 0.286866 0.82985
-0.973842 -0.121947 0.19173
0.740677 0.52697 0.416774
-0.811884 0.461219 0.357941
-0.664905 0.552428 0.502717
-0.23142 -0.554854 0.799113
-0.86077 -0.184885 0.474228
0.263607 0.30384 0.915528
-0.963969 0.260981 0.0515115
0.825088 -0.530394 0.194712
-0.043208 -0.465922 0.88377
-0.232824 -0.458274 0.857775
0.788792 0.189796 0.584624
-0.3138 0.239586 0.918764
-0.99617 0.0622347 0.0614194
0.629879 -0.193517 0.752199
-0.568171 -0.0605476 0.82068
-0.660123 -0.206392 0.722247
0.871869 0.396081 0.288035
0.646123 -0.756065 0.104355
0.835089 0.0914419 0.542461
-0.0934375 0.278316 0.955934
0.465805 -0.564981 0.681045
0.620193 0.523152 0.584528
-0.110156 0.947114 0.301399
0.334663 0.792464 0.509904
0.0642992 -0.0927129 0.993615
0.823212 -0.354375 0.443555
-0.170362 0.0355695 0.984739
-0.0581055 0.545596 0.836031
0.928257 0.0160904 0.371591
-0.211415 0.746044 0.631444
-0.765789 0.557435 0.320678
-0.372414 0.810888 0.451408
-0.437616 0.561085 0.70262
-0.740452 0.174102 0.649168
-0.140086 -0.410376 0.901092
0.495843 0.106287 0.861883
0.305316 0.952018 0.021057
0.865835 -0.178268 0.467493
-0.0706366 0.0879804 0.993615
0.871063 -0.0026079 0.491164
0.0737775 -0.601509 0.795452
0.388491 -0.71759 0.578048
-0.419569 -0.430368 0.799215
0.290772 -0.715892 0.634783
0.803841 -0.00369854 0.594832
0.149548 0.85485 0.496857
-0.487625 0.834573 0.25634
-0.569868 -0.575627 0.586433
0.334914 -0.877741 0.342642
-0.224073 0.440628 0.869275
-0.0356675 -0.145191 0.988761
-0.005219 -0.737309 0.675535
-0.312955 -0.945052 0.0945349
0.336519 0.487106 0.805905
-0.221044 -0.644892 0.731611
-0.031088 -0.979352 0.19976
0.897736 -0.438775 0.0393268
0.228676 -0.453896 0.861212
0.663094 0.423781 0.617022
-0.571531 0.798306 0.189892
-0.784825 -0.575567 0.229724
0.441496 -0.192325 0.876409
0.653493 0.75691 0.00588007
-0.833509 0.0251609 0.551933
-0.507049 -0.360735 0.782797
0.00921292 0.466175 0.884645
-0.436461 0.394348 0.808697
0.959388 0.232299 0.160038
-0.735164 -0.444145 0.512122
-0.557861 0.724679 0.404513
-0.377694 0.319133 0.869196
0.433668 -0.470651 0.768387
0.476862 -0.71759 0.507609
-0.00349579 0.988356 0.152118
0.0976261 0.720658 0.686383
0.0444303 0.103733 0.993612
0.0583168 -0.313576 0.947771
-0.100712 0.991659 0.0804349
0.838984 0.336682 0.427494
-0.413547 -0.52771 0.741957
-0.336221 -0.888674 0.311792
0.110408 -0.829538 0.547427
-0.329095 -0.394057 0.858147
0.760816 -0.363983 0.537285
0.743314 0.379186 0.551091
-0.162014 0.683606 0.711642
-0.217562 0.863649 0.454728
0.0830069 0.379305 0.921541
0.900226 0.196285 0.388672
-0.495033 -0.554961 0.668552
-0.648538 0.725737 0.229574
0.644153 -0.637721 0.422348
-0.25434 -0.885169 0.389599
-0.800829 -0.163983 0.576006
-0.414999 -0.213493 0.884419
-0.271359 0.342529 0.899466
-0.862769 -0.283323 0.418757
-0.904427 -0.0991481 0.414948
-0.910941 -0.198563 0.361607
0.979256 -0.160476 0.123718
0.092251 -0.99461 0.0473402
-0.205613 0.971571 0.117356
0.613329 -0.473785 0.631946
-0.0188104 -0.655792 0.754707
0.539221 -0.193356 0.819667
-0.764096 0.0609154 0.64222
