-0.349981 0.751429 0.559345
0.759052 -0.571325 0.312135
0.422465 0.41423 0.806187
0.66978 -0.492666 0.555584
-0.777243 0.355061 0.519447
0.376773 -0.920069 0.107311
0.888057 -0.4543 0.0704743
0.149775 0.986011 0.073142
-0.956521 0.0536469 0.286688
-0.21565 -0.971391 0.0994705
0.960018 0.228943 0.161094
-0.674455 0.516368 0.527706
0.34415 0.230558 0.910167
0.826562 0.262296 0.497993
0.400808 -0.0659069 0.913789
-0.687478 -0.412986 0.597341
-0.495134 0.82818 0.262603
-0.282243 0.877095 0.388643
0.59614 0.642207 0.481858
0.00218015 -0.112807 0.993615
-0.234739 -0.755004 0.612263
0.779568 -0.61961 0.0914226
-0.947431 -0.304651 0.0977849
0.292569 0.656769 0.695024
0.332634 -0.629727 0.701996
-0.492815 0.622869 0.607592
-0.0665137 -0.5895 0.805025
-0.934279 0.315404 0.166261
0.33993 0.937682 0.0721114
0.372912 0.582193 0.722488
-0.737583 -0.462315 0.492175
-0.859643 0.402324 0.314881
-0.895159 -0.346255 0.280709
-0.377304 -0.616604 0.690971
-0.982112 0.187204 0.0202684
0.110774 0.714726 0.690577
-0.0342026 0.620307 0.783613
0.162082 -0.880272 0.445927
-0.510699 -0.854086 0.09861
-0.15097 -0.642191 0.751531
0.890983 -0.309317 0.332373
-0.506533 -0.801717 0.317292
0.0227794 -0.449622 0.892928
0.466304 -0.269704 0.842508
-0.441477 0.893219 0.085191
0.304081 -0.348731 0.886522
-0.937391 0.163009 0.307777
0.981834 -0.168708 0.0868351
0.202878 -0.317824 0.92619
0.621501 -0.707182 0.337092
0.737899 -0.403706 0.540858
0.534776 -0.179431 0.825724
-0.839275 -0.417307 0.348528
0.0650939 -0.86285 0.501251
-0.762424 -0.344444 0.547784
-0.40679 0.786839 0.464118
0.519397 0.85225 0.0624207
0.666689 0.697141 0.263667
-0.860838 0.49152 0.131782
0.780242 0.443811 0.440742
-0.618962 -0.605072 0.500774
0.170643 -0.92598 0.336812
0.309443 0.801473 0.511748
0.100671 -0.166727 0.98085
0.76815 0.0923567 0.633574
0.681379 -0.0946869 0.72578
0.777732 -0.208049 0.593169
0.336505 0.923388 0.184711
0.299564 0.132666 0.944808
0.464287 -0.849785 0.249607
0.561172 -0.824574 0.0718646
0.119362 0.479092 0.869611
0.0469872 0.970467 0.236613
0.90015 0.0596782 0.431473
-0.0501533 0.996508 0.066753
-0.776685 -0.508488 0.371752
0.0336434 0.889716 0.455273
-0.18 -0.443914 0.877804
-0.465484 -0.264867 0.844494
0.927552 -0.355693 0.114584
-0.839545 0.276126 0.467887
0.392406 0.320717 0.862066
-0.971665 -0.198554 0.128229
-0.9165 0.0884887 0.390124
-0.882197 0.0120205 0.470726
-0.748628 0.652282 0.118679
0.317236 0.733209 0.60147
0.0509664 -0.721957 0.690059
-0.583454 0.320211 0.746355
0.77525 0.361482 0.517994
-0.0409184 -0.766166 0.641339
-0.582473 -0.729224 0.359107
0.836697 -0.547104 0.0248232
-0.373699 0.0151979 0.927425
0.83676 -0.530266 0.13657
-0.430282 0.580231 0.691512
0.997708 0.0305958 0.0603593
0.456379 -0.815086 0.356865
0.4051 -0.364616 0.838421
0.363451 -0.872211 0.327338
-0.0967109 -0.0581127 0.993615
-0.93944 -0.273748 0.206191
0.215975 0.72743 0.651307
-0.24178 -0.677731 0.694422
-0.865794 0.122908 0.485072
0.633124 -0.739287 0.229366
0.157989 -0.820363 0.549585
0.0260969 0.146802 0.988822
-0.858054 -0.452536 0.242806
0.691023 0.101793 0.715629
0.320296 0.407457 0.855213
0.15052 -0.749753 0.644371
0.198348 0.402006 0.893895
-0.286925 0.707787 0.645532
-0.472046 -0.617302 0.629373
-0.0494107 0.982625 0.178903
0.684313 0.728038 0.0409309
0.432395 -0.710531 0.55514
0.889767 -0.112307 0.442381
-0.892431 0.19834 0.405251
-0.320652 -0.938827 0.125642
0.273605 0.318802 0.907472
-0.796069 -0.544647 0.263881
-0.664273 -0.687597 0.293175
-0.452628 0.70687 0.543565
0.0418554 -0.638199 0.768733
0.544854 0.496249 0.675923
0.936256 -0.230808 0.264863
-0.888225 0.4107 0.205869
0.928452 0.232634 0.289583
0.711953 -0.700406 0.0505445
0.83564 0.0813065 0.543226
0.121593 0.20462 0.97126
-0.586877 0.568453 0.576573
-0.193834 -0.112649 0.974545
0.0436212 0.934915 0.352179
-0.687382 0.724093 0.0565253
-0.738223 -0.635871 0.225156
-0.957213 -0.166411 0.236748
-0.301123 0.821065 0.48495
0.775174 -0.598466 0.202348
0.0754561 -0.95592 0.283767
-0.503885 -0.837796 0.21023
0.938074 -0.132283 0.320185
0.0854074 -0.994437 0.0616524
0.269664 0.576563 0.771269
0.147617 0.97155 0.1852
-0.163948 0.227454 0.959889
-0.527509 0.529391 0.664439
0.601044 -0.665162 0.443064
-0.506631 0.736188 0.448723
-0.125078 -0.914165 0.385563
-0.602767 0.20775 0.770397
-0.912354 0.39868 0.0930811
0.182156 -0.976265 0.117153
-0.365292 0.133151 0.921321
0.245308 0.960767 0.129423
-0.918817 -0.240547 0.312909
0.0800725 -0.981521 0.173793
-0.0260047 -0.896046 0.443199
-0.254478 -0.590866 0.765584
0.789425 -0.303388 0.533633
0.960911 -0.273241 0.0446104
0.825341 -0.113732 0.553062
-0.877584 0.478975 0.0207274
0.913436 0.405928 0.0292726
0.519818 0.412814 0.747913
-0.708666 -0.301973 0.637656
0.230634 0.222182 0.947335
-0.79951 0.572787 0.180827
-0.0750591 0.533086 0.842725
-0.325655 -0.83247 0.448267
0.236817 -0.212278 0.94808
-0.356625 0.934079 0.0177204
0.553901 0.213864 0.804647
-0.516609 -0.72786 0.450927
0.758133 -0.10538 0.643529
-0.259556 0.565655 0.782729
0.952015 0.0524877 0.301516
-0.37703 -0.105949 0.920121
0.500888 -0.376037 0.779556
-0.257998 0.96402 0.0640569
-0.462595 -0.0406786 0.885636
0.449815 0.50111 0.739294
0.506488 0.12358 0.853345
-0.73295 -0.680271 0.00399245
0.545744 -0.784884 0.293464
-0.427237 -0.702125 0.569639
0.725835 0.193798 0.660004
-0.161423 0.986835 0.00998683
0.35159 -0.830646 0.431753
-0.224986 -0.877484 0.423561
-0.0340788 0.773266 0.633165
0.135869 0.902449 0.408811
-0.510325 -0.524598 0.681444
-0.962933 -0.0568102 0.263689
-0.14218 -0.726381 0.672425
-0.8159 0.574058 0.0690208
-0.636362 -0.263501 0.72499
-0.268948 -0.492433 0.827754
0.530763 -0.660214 0.531421
-0.974312 -0.224462 0.0182625
-0.109571 0.437651 0.892444
0.209262 0.798838 0.563975
0.70587 -0.198747 0.679888
0.846758 -0.30444 0.436254
-0.829189 -0.277458 0.485245
-0.568062 -0.568698 0.594885
0.816016 0.577305 0.0289257
0.320343 -0.447857 0.834748
0.292595 -0.050921 0.95488
0.0782591 0.386181 0.919097
-0.618236 0.472783 0.627901
-0.726402 -0.601647 0.332207
-0.219606 -0.952537 0.210825
-0.0601371 0.915525 0.397741
-0.327124 0.621766 0.711616
0.243848 0.488803 0.837621
0.427531 -0.637339 0.641106
0.557347 -0.809675 0.183821
0.473992 -0.880138 0.0262232
-0.806354 -0.382684 0.45094
-0.891823 -0.0968251 0.441902
-0.72307 0.549468 0.418634
-0.98338 -0.0900704 0.157639
0.402796 0.79807 0.448152
-0.551391 -0.20011 0.809891
-0.141491 0.334559 0.931692
0.188476 0.647831 0.7381
-0.547278 -0.308458 0.778036
-0.33229 -0.701091 0.630916
0.834923 0.430631 0.342726
-0.648154 0.708867 0.278215
-0.177577 0.735864 0.65343
0.412313 0.733471 0.540387
-0.0343097 -0.835921 0.547776
-0.353345 -0.536139 0.766617
0.684162 -0.62305 0.37912
0.60143 0.11225 0.791
0.359281 0.0375205 0.932475
-0.95263 0.298937 0.0559753
-0.825432 0.0508533 0.562207
0.104613 0.788905 0.605545
0.974485 0.219825 0.0453393
0.636193 -0.771506 0.0060891
0.431175 0.902182 0.0124752
-0.867671 -0.31396 0.385457
-0.865188 -0.483142 0.134255
6.93889e-17 0 1
-0.416581 -0.825149 0.381561
0.406078 0.136255 0.903624
-0.178475 0.116697 0.977
0.280476 -0.957868 0.0618259
-0.925143 0.268289 0.268572
-0.190111 0.00439007 0.981753
0.324638 -0.54323 0.774281
-0.929979 -0.0213027 0.366994
0.231973 0.90773 0.349592
0.260438 -0.883064 0.390347
-0.702427 0.418105 0.576007
0.645256 -0.290288 0.706667
-0.753341 0.455767 0.474083
-0.464639 0.479851 0.744214
0.985086 0.129852 0.112892
0.506739 0.813836 0.284404
0.473085 -0.870019 0.138774
-0.879773 0.303514 0.365894
-0.0324949 0.364385 0.930681
0.969363 -0.146741 0.196984
0.235479 -0.610312 0.756352
0.485769 0.65527 0.57849
0.640479 -0.758809 0.1183
-0.71143 -0.195368 0.675055
0.461831 0.0252429 0.886609
0.660557 -0.576751 0.480648
0.515149 0.839132 0.174584
0.943666 0.317582 0.0929272
-0.266206 0.181181 0.946735
-0.185818 -0.335512 0.923528
0.224254 0.857507 0.463025
0.254078 -0.83301 0.491466
0.240336 0.940129 0.241652
-0.220015 0.65638 0.721636
0.647888 0.551626 0.52531
-0.59995 0.690184 0.404607
-0.54432 0.0235293 0.838547
0.274871 -0.945601 0.174026
0.497008 0.775106 0.390121
-0.050479 -0.68668 0.725205
-0.321786 0.363311 0.874333
-0.726485 0.313542 0.611483
-0.323538 -0.916227 0.23633
0.507887 0.712767 0.48375
-0.55003 0.656553 0.516145
-0.822156 0.384312 0.419958
0.596063 0.772904 0.217549
-0.078018 0.864307 0.496876
-0.323487 -0.773688 0.544759
-0.125243 -0.86437 0.487009
0.677413 0.719431 0.153399
-0.539576 0.136175 0.830852
-0.466194 -0.155012 0.870996
-0.416731 -0.771374 0.480954
0.793002 0.55384 0.253787
0.751009 0.283653 0.596261
-0.685615 0.635313 0.355399
0.864154 -0.410837 0.290603
0.246216 0.969071 0.0167238
-0.830825 0.494256 0.255814
0.802459 -0.477519 0.35782
0.901506 0.40649 0.148503
-0.861796 -0.506698 0.0237812
0.595297 -0.0879058 0.798683
-0.324509 0.914084 0.243198
0.989806 -0.0579893 0.130081
0.438072 -0.168081 0.883086
0.954577 -0.253993 0.155787
-0.739367 -0.663316 0.115537
-0.646299 0.370562 0.66707
-0.594038 -0.7917 0.142583
0.143016 -0.669294 0.729103
-0.989923 0.103436 0.096714
0.51223 -0.470857 0.718272
0.695122 0.380957 0.609654
0.752801 0.652182 0.0891617
0.603358 0.790399 0.105962
0.319203 0.858317 0.401748
0.798069 -0.406026 0.445228
0.114378 -0.387183 0.914881
-0.515171 0.262868 0.815782
-0.423028 0.884587 0.196348
0.808906 0.570254 0.143114
0.673743 0.293631 0.678123
-0.343711 0.930046 0.129916
0.886102 0.33168 0.323746
0.64417 0.202244 0.73766
-0.492112 0.373345 0.786409
0.562194 0.573793 0.595566
-0.760139 0.649729 0.00628808
0.633805 0.476944 0.608947
-0.538889 -0.412412 0.734517
0.343338 -0.775393 0.529987
0.584405 0.743084 0.326033
-0.168534 -0.543958 0.822013
-0.449684 0.190425 0.872653
0.82555 -0.507549 0.246702
0.0424436 0.552924 0.83215
-0.591764 -0.765545 0.252499
-0.812444 0.200586 0.547448
-0.373167 -0.327846 0.867907
0.0158816 0.83379 0.551853
0.196841 0.00338417 0.98043
0.864181 -0.0202802 0.502773
0.666898 -0.399983 0.628698
-0.0956187 -0.170379 0.980728
-0.026191 -0.940849 0.337813
0.982196 0.0414494 0.18323
-0.0703948 0.088174 0.993615
0.501914 -0.0773787 0.861449
-0.146209 0.961372 0.23321
-0.602566 -0.470867 0.644358
0.966788 -0.0475741 0.251115
0.332049 -0.153999 0.930606
-0.172203 0.900973 0.398238
-0.0501083 0.955004 0.292329
-0.122156 -0.952413 0.279264
-0.279308 0.0694702 0.957685
-0.286352 -0.16938 0.943034
0.47174 0.581426 0.662877
0.100611 -0.0544217 0.993436
-0.648623 -0.647362 0.400262
0.226159 -0.519158 0.824213
-0.743366 0.204705 0.636791
-0.908909 -0.379193 0.173485
0.722122 0.614635 0.317433
0.0589501 -0.798317 0.599345
-0.325828 -0.880777 0.34361
-0.526451 -0.657604 0.538893
-0.415906 -0.893994 0.166723
0.248668 -0.767263 0.591162
-0.323399 -0.946175 0.0129069
0.0125962 -0.344287 0.93878
-0.465127 0.804677 0.368989
0.456429 0.227612 0.860154
-0.10962 0.680352 0.724641
0.798181 0.183445 0.573808
-0.997289 -0.00686655 0.0732616
-0.112843 -0.991959 0.057299
0.0338258 -0.547727 0.835973
-0.699891 0.0274017 0.713724
0.0488701 0.991107 0.123769
0.712803 0.459246 0.530099
0.270601 -0.919854 0.28398
0.611934 0.39595 0.68466
0.915212 -0.33439 0.224878
0.492109 0.321784 0.808878
0.0481315 0.99878 0.0110236
0.419284 -0.461415 0.781855
-0.588239 -0.808114 0.0304554
-0.622694 0.0785252 0.778515
0.59397 -0.485342 0.641594
-0.0126205 -0.999904 0.00569271
-0.416627 -0.866094 0.276231
-0.242277 0.782609 0.573432
0.415357 0.841814 0.344714
-0.667821 -0.740646 0.0738782
-0.970123 0.130223 0.204701
-0.586526 0.780524 0.216263
0.42421 0.874197 0.236275
-0.885829 -0.206544 0.415508
-0.420811 0.314096 0.851036
0.700731 -0.659477 0.272149
-0.558543 0.426039 0.711702
0.429737 0.894233 0.125194
-0.350167 0.243855 0.904388
0.624539 -0.189102 0.757754
-0.77297 -0.0187203 0.634166
0.534664 -0.745119 0.398663
0.339913 -0.70715 0.619998
-0.65677 -0.512406 0.553257
0.802125 -0.0122495 0.59703
-0.799692 -0.598734 0.0448343
-0.533206 0.845067 0.0394167
-0.728266 0.645672 0.229642
-0.803128 -0.575207 0.155313
0.369524 -0.903094 0.218801
-0.633679 -0.042908 0.772405
0.182417 -0.983212 0.004359
-0.0222134 -0.973041 0.22956
-0.249529 0.291613 0.923416
-0.638358 -0.154327 0.75411
-0.243166 0.953951 0.175634
-0.911019 -0.407357 0.0640628
-0.458187 -0.371412 0.807538
-0.395408 0.424661 0.814442
-0.930515 -0.131891 0.341682
0.741638 0.639833 0.201464
-0.79639 0.480736 0.366954
-0.640612 0.607345 0.469839
-0.0877227 -0.391133 0.916144
-0.991969 -0.116934 0.048207
-0.779293 -0.129571 0.613118
0.347997 0.498363 0.794061
-0.968215 0.214214 0.129118
0.882148 -0.434559 0.181588
0.101723 -0.276853 0.955513
-0.0896511 -0.284809 0.954383
0.836437 0.347195 0.424063
-0.21779 0.405432 0.887802
-0.983082 0.0202719 0.182039
0.730035 -0.00163584 0.683408
-0.457547 0.0784502 0.885718
-0.548907 -0.0891409 0.831117
0.866183 0.492557 0.0843501
0.712021 -0.68316 0.162229
-0.0177696 -0.992809 0.118383
0.884929 0.244906 0.396133
0.00167893 0.462644 0.886543
0.588557 -0.388009 0.70926
0.643133 0.664001 0.381422
-0.147577 0.981495 0.122016
0.330162 0.896728 0.294741
0.191799 0.116126 0.97454
0.896567 -0.211701 0.389038
-0.0516439 0.227178 0.972483
0.000824696 0.701229 0.712935
0.962319 0.141263 0.232352
-0.191659 0.847107 0.495658
-0.762958 0.56961 0.30568
-0.377993 0.865059 0.32984
-0.392114 0.668831 0.631594
-0.420405 -0.905704 0.0544133
-0.667496 0.263512 0.696427
0.00356516 -0.224185 0.97454
0.58694 0.306685 0.749297
0.927659 -0.0324056 0.372019
0.0439399 0.285538 0.95736
0.921756 0.144405 0.35988
0.217499 -0.421208 0.880499
0.511663 -0.562366 0.649574
-0.283754 -0.279475 0.917266
0.421743 -0.554309 0.717547
-0.669754 -0.719216 0.184819
0.867939 0.160967 0.469864
0.140469 0.945162 0.294852
-0.517583 0.84215 0.151302
-0.446792 -0.473004 0.759371
0.442752 -0.769922 0.459556
-0.151002 0.596586 0.788215
0.0964708 0.0585104 0.993615
0.135547 -0.582687 0.801313
-0.223068 -0.921027 0.319296
0.392248 0.658941 0.641824
-0.0785119 -0.492394 0.866824
0.0713294 -0.917989 0.390139
0.927854 -0.372932 0.00289919
0.367025 -0.255216 0.894515
0.697424 0.575815 0.426659
-0.605798 0.788632 0.105206
-0.702847 -0.557399 0.441941
0.558658 0.0148986 0.829264
-0.759558 0.0930796 0.643745
-0.377833 -0.219442 0.899493
0.0796494 0.637141 0.766621
-0.364828 0.527631 0.767142
-0.11772 -0.978492 0.169396
-0.629816 -0.368516 0.68376
-0.560327 0.761315 0.326241
-0.293353 0.46963 0.832701
0.559888 -0.279655 0.779948
0.590531 -0.572067 0.569221
0.122802 0.850016 0.512242
0.156535 0.30707 0.938725
0.197851 -0.109442 0.974103
0.855322 0.461284 0.235885
-0.277025 -0.386011 0.879916
-0.224149 -0.82271 0.522404
0.241698 -0.692878 0.679339
-0.189958 -0.227102 0.955165
0.846993 -0.205241 0.490387
0.772319 0.523015 0.360525
-0.12807 0.805124 0.579114
-0.22857 0.925564 0.301805
0.164048 0.563721 0.809511
0.922347 0.319384 0.217417
-0.364407 -0.432011 0.824969
-0.671398 0.721717 0.168372
0.739337 -0.502529 0.448158
-0.133954 -0.798996 0.586226
-0.709272 -0.0851183 0.699777
-0.2861 -0.0498268 0.956903
-0.186323 0.504361 0.843151
-0.780196 -0.237239 0.578802
-0.836506 -0.0602303 0.544638
-0.841539 -0.168659 0.513193
0.996663 -0.0793105 0.0193142
0.176039 -0.957513 0.228427
0.721302 -0.301055 0.62377
0.125251 -0.487538 0.864071
0.648529 0.00749194 0.761153
-0.682743 0.150202 0.715053
