0.713684 -0.0731977 0.696632
-0.87753 -0.468371 0.102813
0.0520241 -0.647151 0.760584
-0.814889 -0.449628 0.365774
0.540588 0.484663 0.687652
0.807879 -0.567272 0.159793
0.386262 0.80118 0.457069
-0.799233 0.600606 0.0223123
-0.216066 -0.976295 0.012767
0.641485 0.322182 0.696201
0.653492 0.742031 0.14946
-0.0992308 -0.509523 0.854716
-0.192888 -0.908939 0.369628
-0.388274 -0.432881 0.813546
-0.197396 0.726589 0.658105
0.895414 0.056947 0.441578
0.829456 -0.168878 0.532432
0.243987 -0.864561 0.439323
-0.282076 -0.0646978 0.957208
-0.690853 0.466961 0.551969
0.0962258 0.968641 0.229076
0.342206 -0.622922 0.703465
-0.826529 -0.105097 0.552996
0.648176 0.104693 0.754259
-0.64637 0.223401 0.729587
0.633247 0.681946 0.365989
0.687238 -0.716584 0.119209
0.237714 -0.665794 0.707255
-0.202013 0.8045 0.558544
0.653607 0.560999 0.508013
0.983892 0.130039 0.122666
0.00448851 0.919267 0.393608
-0.523127 0.526136 0.670462
0.564537 0.796391 0.21693
0.469045 -0.48463 0.738329
0.426835 -0.324557 0.844082
-0.93467 0.184295 0.304018
-0.573733 0.81432 0.0878195
0.649549 0.759402 0.0373388
-0.649353 0.327725 0.686248
-0.700592 -0.701692 0.129614
-0.568246 0.763509 0.306839
-0.573589 0.0733108 0.815856
-0.584418 -0.395698 0.708433
0.963901 0.000756432 0.26626
-0.596926 -0.221322 0.771165
0.472486 0.734553 0.487021
-0.535175 -0.148476 0.83159
-0.947496 -0.289455 0.135891
-0.760411 -0.54731 0.34961
-0.528536 -0.494032 0.690349
-0.0941911 0.892253 0.441602
-0.889546 0.257425 0.377412
-0.0964976 0.769707 0.631063
0.710118 -0.704022 0.0092563
0.785822 -0.0269215 0.617867
0.53933 -0.839366 0.0677409
0.303938 -0.926949 0.21997
0.767121 0.544148 0.339747
-0.00118816 -0.939282 0.343143
-0.379707 0.758855 0.529115
-0.959267 0.208559 0.190551
0.498047 -0.679856 0.53828
-0.368193 -0.128213 0.920867
-0.345709 -0.798591 0.492684
-0.494394 -0.650618 0.576429
-0.611083 -0.673167 0.416442
0.655419 -0.719978 0.228162
0.791605 0.598687 0.122209
-0.174915 -0.431293 0.885094
0.935372 0.318911 0.152887
-0.995079 -0.0774244 0.0618354
0.222224 -0.410828 0.884215
0.806254 -0.486862 0.336036
-0.392142 -0.880043 0.267859
0.900003 -0.392071 0.190458
-0.205528 0.872908 0.442481
0.699778 -0.464618 0.542624
-0.483003 0.254107 0.837937
-0.200274 0.436283 0.877238
0.504732 0.580247 0.639186
0.968266 0.235229 0.0844317
-0.0295223 -0.586197 0.809631
0.195524 0.941199 0.275526
0.382345 0.738737 0.555049
0.285305 0.731947 0.618752
0.867561 0.375859 0.32568
0.417509 -0.667468 0.616581
-0.791966 0.188187 0.580841
0.389175 0.30074 0.870688
-0.0868317 -0.907987 0.409901
-0.785195 0.294972 0.544482
-0.479982 0.795572 0.369706
-0.00217236 0.2241 0.974564
0.569288 0.0576738 0.820113
-0.980262 -0.0973215 0.172087
-0.64363 -0.299533 0.704287
-0.988105 0.0138137 0.153158
-0.19279 0.000272579 0.98124
0.100951 0.936016 0.33717
0.444613 -0.579898 0.682669
-0.633743 0.430752 0.642513
0.375229 0.66786 0.64278
-0.961423 -0.273951 0.0248213
-0.8982 0.150521 0.413013
-0.0586741 -0.197466 0.978552
-0.0988722 0.9361 0.337552
0.289474 0.952043 0.0990887
-0.320682 -0.742798 0.587719
0.078756 -0.558248 0.825927
-0.849167 0.116152 0.515193
0.116616 -0.451047 0.884849
0.633272 -0.120506 0.76449
-0.473922 0.618169 0.627108
0.866933 -0.399323 0.298276
0.3648 -0.931082 0.00281689
-0.912892 -0.143132 0.382283
-0.543773 -0.797844 0.260299
0.468072 0.668145 0.578352
0.937711 0.344758 0.0428993
-0.732002 0.677653 0.0704227
0.00899919 -0.48409 0.874972
-0.210405 0.917938 0.336331
-0.397401 0.858261 0.324747
0.718557 0.039682 0.694335
-0.727576 0.151427 0.669106
0.0991082 -0.777484 0.621045
-0.636569 -0.768498 0.0647389
0.845574 0.505483 0.171733
0.692539 0.595199 0.407587
-0.223194 -0.964024 0.144365
-0.366743 -0.844131 0.391079
-0.0427171 -0.305921 0.951098
0.643492 0.215842 0.734391
-0.198501 0.112876 0.973579
0.754852 -0.481478 0.445396
0.918102 0.297038 0.262405
-0.308606 0.909803 0.277527
0.198702 0.902243 0.382722
0.769554 -0.138618 0.623355
-0.937597 0.312636 0.15222
-0.582187 0.788688 0.197557
-0.559189 -0.81879 0.129961
0.265954 -0.576391 0.772685
0.775492 -0.571667 0.267972
0.0962792 -0.0588251 0.993615
0.568378 0.169674 0.805082
-0.920776 -0.301127 0.24798
0.784029 0.086029 0.614734
-0.836882 0.462781 0.292338
0.292066 0.363809 0.8845
0.71209 0.634625 0.300297
0.101046 0.166418 0.980864
0.736104 -0.648237 0.194784
0.102885 0.89128 0.441627
-0.942438 0.331863 0.0409645
-0.871549 0.359805 0.333081
0.893767 -0.448396 0.0110238
-0.563746 0.396706 0.724441
-0.690361 -0.635872 0.345062
-0.53884 -0.75195 0.379767
0.782875 0.576995 0.232772
0.0216079 -0.727176 0.686111
0.0890533 0.996013 0.00520219
-0.00650899 0.997832 0.0654965
-0.0967331 0.693195 0.71423
-0.0671527 -0.40844 0.910311
0.805918 0.448714 0.386203
0.354738 -0.257008 0.898948
-0.693322 0.600132 0.398931
0.988449 0.151098 0.0117304
0.784236 0.620356 0.0115431
-0.458554 -0.226807 0.859236
0.978081 -0.0852652 0.189966
-0.180605 -0.678304 0.71224
-0.522292 0.725721 0.447818
-0.520357 -0.705513 0.481123
0.470041 -0.0991294 0.877061
-0.396162 -0.908817 0.130796
-0.107888 0.280115 0.953885
-0.682253 -0.373778 0.628348
0.956224 -0.19167 0.221128
-0.00831838 0.33246 0.943081
0.130738 -0.701588 0.700487
-0.25088 -0.602398 0.757744
-0.310364 0.949006 0.0553278
-0.978198 -0.183246 0.0977195
-0.557265 0.621303 0.550852
-0.242472 -0.807387 0.537897
0.947044 -0.281913 0.153728
-0.965016 -0.00518417 0.262139
-0.770191 0.532167 0.351573
0.590941 -0.373731 0.714922
0.67789 -0.556427 0.480472
0.99473 -0.0637902 0.0802729
-0.3848 0.606651 0.695632
0.294216 0.857107 0.422854
-0.71392 0.365007 0.597568
0.834025 0.475373 0.280042
-0.107653 0.602087 0.79114
-0.481045 0.36027 0.799251
0.723101 0.663628 0.19163
-0.903702 -0.250236 0.347426
0.19337 0.96706 0.165538
0.274408 -0.190548 0.942546
0.527089 -0.594876 0.606878
-0.589172 -0.622553 0.515077
-0.697029 -0.675839 0.239568
0.00202565 0.807624 0.589695
-0.385 0.687055 0.616222
-0.682864 -0.187357 0.706112
-0.338168 -0.347056 0.874754
0.146882 -0.339528 0.929057
0.561372 0.279401 0.778971
-0.302226 0.87247 0.384
-0.80095 0.583541 0.134011
0.771571 -0.385326 0.506164
0.560715 -0.0548448 0.82619
0.185925 -0.522889 0.831877
-0.861012 -0.179958 0.475681
0.489531 0.869803 0.0616625
-0.0952219 0.836375 0.539824
0.197069 0.790709 0.579607
0.710724 0.363669 0.602176
0.292037 0.901635 0.319011
0.468449 -0.754847 0.459088
-0.101003 0.48917 0.866321
0.188067 -0.121934 0.974558
0.368866 -0.530697 0.763085
-0.193849 0.535756 0.82182
-0.606195 0.528977 0.593895
-0.0175108 -0.971575 0.236084
0.987197 0.0227082 0.15788
0.848257 0.24363 0.470218
0.612347 -0.231399 0.755967
0.390033 -0.745864 0.539965
-0.833333 0.329606 0.443751
-0.474627 0.461525 0.749482
-0.905408 -0.386531 0.175586
-0.288445 -0.675535 0.678566
-0.282176 -0.442371 0.851284
0.646007 0.717834 0.259593
0.280295 0.654131 0.702529
0.553357 -0.501555 0.66501
0.629063 -0.776298 0.0405165
0.00316797 0.868995 0.49481
-0.103655 0.967845 0.2292
-0.181409 -0.112081 0.977
-0.637573 0.685865 0.350841
-0.20769 -0.523592 0.826266
2.77556e-17 0 1
0.568802 0.682605 0.458818
-0.0966039 0.0582903 0.993615
-0.758985 -0.143319 0.635139
0.293802 0.800719 0.522044
0.654147 -0.638115 0.40608
-0.967215 0.103663 0.231837
0.556213 0.384165 0.736915
-0.651207 -0.531828 0.541376
0.629174 0.424943 0.650818
0.483927 0.125792 0.86602
0.469853 -0.836356 0.282395
0.564154 0.615892 0.549915
0.170466 -0.232267 0.957598
-0.562542 -0.826765 0.00232257
-0.779378 -0.0325673 0.625708
0.283178 -0.782199 0.554955
-0.00700246 0.645532 0.763702
-0.326682 -0.523758 0.786737
-0.872768 -0.396731 0.284395
0.508977 -0.842479 0.176552
0.830783 -0.554356 0.0498868
0.0989837 0.0541508 0.993615
-0.391929 0.20747 0.896297
0.591781 -0.622271 0.512421
-0.938178 0.076451 0.337606
0.699306 -0.647469 0.30291
0.546168 -0.166788 0.820903
0.133941 -0.876724 0.461969
0.788943 0.194355 0.582919
0.0910202 0.383238 0.919154
-0.989818 0.14194 0.0106176
0.41999 -0.822799 0.382897
-0.725387 0.259875 0.637401
0.297761 0.0335325 0.954051
0.466032 0.446796 0.763667
-0.730682 0.65809 0.181717
0.342787 -0.816166 0.465156
0.71825 0.151652 0.679057
0.603134 0.523421 0.601881
0.408911 -0.891198 0.196359
0.715054 -0.358353 0.600234
-0.659115 0.562041 0.499677
-0.810664 0.430097 0.397291
0.339511 -0.933799 0.112926
0.191273 0.331302 0.923934
-0.106497 0.386602 0.916077
-0.607426 0.651682 0.454251
0.125972 -0.977176 0.171051
-0.160779 -0.86151 0.481613
0.783726 0.300222 0.543729
-0.772906 -0.629233 0.0817463
0.763607 -0.639997 0.0854835
0.0931954 0.988643 0.117894
0.734823 0.502195 0.455889
-0.819593 -0.552787 0.150646
-0.0310445 -0.999017 0.0316282
-0.106075 0.987342 0.117913
-0.46643 -0.584637 0.663809
0.906182 -0.130675 0.402192
-0.489331 -0.418768 0.764976
-0.31281 0.934942 0.167431
0.474251 0.344195 0.810318
-0.491887 0.857122 0.152935
-0.789485 0.0786963 0.608704
0.478903 0.830921 0.283236
-0.760605 -0.336197 0.555384
-0.053341 -0.85491 0.516027
0.260233 -0.965114 0.028863
0.575526 0.810962 0.105406
0.441832 -0.892764 0.0880783
0.564882 -0.700766 0.435702
-0.769688 -0.589467 0.245171
-0.559076 -0.038075 0.828242
0.297411 0.256535 0.919639
0.928485 -0.0245006 0.370561
0.154247 -0.986085 0.0620006
0.987899 -0.155098 0.00083782
-0.135176 -0.805805 0.576546
0.948849 -0.107664 0.296805
-0.123488 -0.972624 0.19686
-0.215682 -0.746612 0.629327
0.392183 0.191566 0.899719
0.190075 0.980318 0.0533588
0.175995 -0.817425 0.548491
0.890363 0.399863 0.217631
0.0576912 -0.8413 0.537481
-0.282393 0.577926 0.765674
-0.93003 -0.0326193 0.366034
0.367305 -0.880066 0.300949
-0.567077 0.293213 0.769707
0.195555 0.22275 0.955061
-0.835726 -0.548064 0.034459
0.326465 -0.369581 0.86996
-0.489352 0.831494 0.262969
0.41165 0.579622 0.703265
-0.298539 0.378146 0.876288
0.956933 0.215031 0.195041
0.639463 -0.435436 0.633627
-0.255143 -0.28759 0.923144
-0.461946 -0.821367 0.334608
-0.744045 -0.495189 0.448536
-0.29135 0.0491256 0.955354
-0.892443 0.391094 0.224923
-0.396895 -0.917824 0.0085562
-0.0726331 -0.0863395 0.993615
-0.430296 -0.512598 0.743027
0.877559 -0.30958 0.36613
-0.29236 0.67024 0.682132
-0.482579 -0.873268 0.0672402
-0.442093 -0.335234 0.831969
0.804184 -0.27877 0.524953
0.821927 -0.399506 0.405994
-0.853015 0.488563 0.183499
0.00238742 0.112802 0.993615
-0.205798 0.223696 0.952684
0.20752 -0.74727 0.631287
-0.269963 -0.177973 0.94628
-0.387211 0.814905 0.431274
-0.706323 -0.0711164 0.704308
0.370945 0.505983 0.778705
7.81169e-05 0.957792 0.287461
0.197743 -0.947048 0.252978
-0.847092 0.224118 0.481878
0.849585 0.523992 0.0603225
-0.71749 0.632837 0.291075
-0.471371 0.694393 0.543716
-0.660475 0.739012 0.132791
-0.895227 0.0417844 0.443647
-0.483502 0.0318901 0.874762
0.842841 0.0282851 0.537419
-0.138605 -0.603178 0.785471
0.52203 -0.276301 0.806934
-0.265615 -0.85804 0.439563
0.387467 0.887685 0.248766
-0.655546 0.112087 0.746791
0.180603 0.534852 0.825419
0.844425 -0.484796 0.227859
0.023928 -0.895567 0.444282
-0.984985 0.122342 0.121808
-0.0195915 -0.795296 0.605905
-0.713412 -0.700531 0.0173416
-0.0595975 -0.669966 0.739996
0.872045 -0.474805 0.118734
-0.725768 -0.264173 0.635195
-0.488598 0.871571 0.040436
0.183097 0.436436 0.880908
-0.793007 -0.394548 0.46419
-0.655082 0.715359 0.243164
0.695084 -0.18465 0.694812
0.521231 -0.773353 0.360892
-0.403637 0.908881 0.104937
0.475204 0.789544 0.388332
0.898468 0.164509 0.407054
0.566265 -0.783083 0.257146
0.101238 0.835589 0.539946
0.997889 0.0443067 0.0474714
0.298354 0.146019 0.94322
-0.925357 -0.373678 0.0638682
0.479989 0.236708 0.844736
0.60209 -0.784217 0.149972
0.197002 0.10706 0.97454
-0.561483 -0.562617 0.606794
0.183584 0.62908 0.755351
-0.957181 -0.202255 0.207117
-0.8839 -0.0690542 0.46255
-0.290887 0.746886 0.597952
-0.213632 0.976906 0.00399211
-0.44654 -0.779831 0.43871
-0.217585 0.969045 0.116657
0.966545 0.108772 0.232291
0.83321 0.34804 0.429685
-0.102051 0.994765 0.00522041
-0.215173 0.949599 0.227954
-0.998526 0.0338519 0.0424299
0.0800318 0.499295 0.862728
-0.903233 0.413541 0.114693
0.195222 -0.00576348 0.980742
-0.0144356 0.553556 0.832687
0.920923 -0.213116 0.326317
-0.0044111 0.984085 0.177646
-0.291881 0.479813 0.827397
0.393558 0.0797214 0.915837
0.199661 0.851699 0.484505
0.233365 -0.962384 0.139133
0.688514 0.464733 0.55675
0.719578 0.259155 0.644241
-0.480381 0.14444 0.865084
0.291356 0.933169 0.210494
0.723379 0.685707 0.0808002
0.0907958 0.684877 0.72298
0.159887 -0.615378 0.771846
0.563289 0.760107 0.323948
-0.462563 -0.07885 0.883073
-0.391395 0.0960547 0.915196
-0.107541 -0.946086 0.305544
0.290575 -0.079246 0.953565
0.38622 0.851076 0.355673
-0.4233 -0.729539 0.537206
0.0962009 0.276587 0.956162
-0.00657471 0.436739 0.899564
-0.902565 0.430543 0.00297324
-0.213784 -0.942287 0.257664
0.25245 -0.300267 0.919842
-0.715982 -0.439235 0.542624
0.262535 -0.904773 0.335353
0.916294 -0.304565 0.260086
0.614191 -0.71514 0.333681
-0.151139 -0.331008 0.931446
-0.625806 -0.755114 0.195371
0.0479269 -0.160671 0.985844
0.497773 -0.382875 0.778222
-0.308385 -0.948552 0.0717437
0.746251 -0.249052 0.617319
0.765512 0.403362 0.501289
0.86842 -0.0713678 0.490666
0.643862 -0.00797151 0.7651
-0.648743 0.760675 0.0225004
0.381789 0.406022 0.830291
0.48109 0.859258 0.173861
-0.37884 -0.015796 0.925328
-0.100992 -0.741688 0.663098
-0.474975 -0.858322 0.194118
0.0638905 -0.269711 0.960819
-0.312159 -0.927881 0.203945
-0.625357 -0.111888 0.772275
-0.829791 -0.28855 0.477688
-0.300694 0.271708 0.914198
-0.798225 -0.21913 0.561087
-0.403799 0.888941 0.216172
-0.295334 -0.899161 0.322937
0.387396 0.911482 0.138292
0.734905 -0.566183 0.373298
0.937264 0.0835002 0.338473
-0.378694 0.518795 0.766448
-0.95292 -0.116095 0.280118
0.45243 -0.210271 0.866656
-0.167258 -0.22296 0.960372
-0.722043 0.0399618 0.690693
-0.791021 0.560903 0.244283
0.313131 -0.707145 0.633952
-0.565798 0.185364 0.803438
-0.92127 0.28806 0.261308
0.897436 0.427639 0.108318
-0.540383 -0.318881 0.778653
0.15327 -0.920445 0.359569
0.933732 0.190717 0.302937
-0.292151 0.82001 0.49217
-0.365042 -0.599568 0.712224
0.27641 0.567812 0.775363
-0.205368 0.332062 0.92063
0.398528 -0.431847 0.809125
0.481797 0.0132623 0.876183
0.394186 0.918671 0.025717
-0.858229 0.508146 0.0723225
-0.196809 0.646108 0.737435
0.85064 0.137005 0.507585
0.388844 -0.0330832 0.92071
-0.620156 -0.46819 0.629448
-0.856074 -0.345978 0.383976
0.926189 -0.367754 0.0832491
0.617543 -0.533722 0.577738
0.040598 -0.377716 0.925031
-0.355362 -0.239157 0.903616
0.964587 -0.260026 0.044256
0.0209759 -0.991076 0.131637
-0.39199 0.315787 0.864073
-0.739454 0.496732 0.454386
-0.841822 0.00608204 0.539721
-0.298976 0.160906 0.940597
-0.618184 -0.724871 0.30399
0.0874661 -0.957334 0.275428
0.667602 -0.297247 0.682607
0.866679 -0.228092 0.443668
0.290617 -0.480577 0.827398
-0.129989 -0.987859 0.0850719
-0.387528 0.42001 0.820618
0.889165 0.271214 0.368549
-0.832605 -0.495616 0.247254
-0.766614 0.3986 0.50341
0.086281 0.593311 0.800336
-0.101444 0.170388 0.980141
0.374356 -0.145054 0.91587
0.0010505 0.735937 0.67705
0.188606 0.713893 0.674378
0.0993451 0.768656 0.6319
-0.970022 0.229467 0.0800153
0.978847 -0.170978 0.112358
-0.676831 -0.585986 0.445557
-0.64409 0.00113721 0.764949
-0.395981 -0.669209 0.628775
0.283244 0.466422 0.837987
