0.0623513 -0.997545 0.0318893
0.985592 0.144351 0.0881589
-0.48023 -0.746468 0.460614
-0.946801 -0.0374087 0.319637
0.374597 0.484526 0.790513
0.693816 0.645985 0.318312
-0.74665 0.121699 0.65399
0.205762 -0.636326 0.743472
0.218277 0.90717 0.35972
0.466065 -0.854275 0.230213
-0.369261 -0.118549 0.921734
-0.965151 -0.178416 0.191444
0.923491 0.356056 0.142786
-0.592641 -0.242735 0.768021
0.552744 0.408692 0.726254
-0.633684 0.670888 0.385168
-0.805424 -0.584788 0.0965136
0.259652 -0.965094 0.0342649
0.3906 0.799441 0.456426
-0.257793 0.963188 0.0762355
0.535978 -0.698976 0.473456
0.598911 -0.614238 0.513826
-0.453436 0.345471 0.821611
0.28336 -0.561519 0.777434
0.748464 -0.259221 0.610415
0.63942 0.502238 0.582151
-0.756269 -0.166348 0.63276
-0.240068 -0.427132 0.871737
-0.563027 0.665532 0.489966
0.957855 0.0892821 0.273025
0.348958 -0.721691 0.597821
-0.507792 -0.613766 0.604514
-0.861271 -0.174006 0.477424
-0.588134 -0.753111 0.294827
-0.109846 -0.264358 0.958149
-0.541709 0.467748 0.698401
-0.450039 0.884098 0.125839
-0.621476 -0.122092 0.773861
0.011068 0.813578 0.58135
-0.498244 -0.274772 0.822346
-0.168611 0.872084 0.459391
0.697399 -0.359582 0.619947
0.551834 -0.818782 0.158349
-0.674033 -0.728499 0.122349
0.888217 0.217662 0.40459
-0.797613 0.0351811 0.602143
0.81449 0.545684 0.197065
0.520245 0.762079 0.385462
-0.531494 0.560691 0.634933
0.959062 -0.273937 0.0718155
0.773749 0.325065 0.543733
0.589115 -0.0947117 0.802479
-0.666458 0.589514 0.456406
0.102849 0.769439 0.630386
0.761032 0.229468 0.606775
-0.765342 -0.339822 0.546601
0.521678 -0.384736 0.761466
0.476938 0.732615 0.485598
0.834541 0.4735 0.281671
0.443796 -0.199154 0.873718
-0.445702 0.790999 0.419131
0.696164 -0.717858 0.00592444
-0.601589 -0.422188 0.678121
0.888086 -0.283101 0.362155
0.943888 0.32839 0.035132
0.970021 -0.0237963 0.241854
0.147684 -0.297318 0.943287
0.574713 0.105468 0.81153
-0.63307 -0.633344 0.445083
-0.27765 -0.786827 0.551193
0.634334 0.652758 0.41416
-0.476615 0.649745 0.592174
0.111991 -0.0137165 0.993615
-0.757158 0.651778 0.0435621
-0.301713 -0.65792 0.690008
-0.195298 -0.0563976 0.979121
0.781476 0.613616 0.113004
0.561488 0.659095 0.500324
-0.909515 0.00926084 0.415567
-0.571087 -0.716611 0.400411
0.0639917 -0.987443 0.144433
-0.533198 0.267728 0.80251
0.898725 -0.177506 0.40098
-0.815394 0.139275 0.561904
-0.823868 0.243799 0.511667
0.169351 0.449121 0.877274
-0.423495 -0.885534 0.191001
-0.762769 -0.490881 0.420974
0.549394 -0.469135 0.691433
-0.301759 -0.50026 0.811592
-0.993968 0.0952971 0.0542689
-0.234911 -0.968952 0.0771252
0.479088 0.660914 0.577639
0.773517 -0.615217 0.152246
-0.27042 0.83098 0.486154
0.0775506 0.51667 0.852665
-0.335623 -0.941805 0.0189774
0.478766 0.109272 0.871116
0.699265 -0.63278 0.332593
-0.541392 0.36994 0.755009
-0.354062 0.934908 0.0242418
-0.30292 -0.0323788 0.952466
-0.872003 0.152808 0.465038
0.273142 0.471432 0.838537
-0.449491 0.541658 0.710327
0.248868 -0.473094 0.845131
0.588814 0.808142 0.0143004
0.477569 0.579739 0.660175
0.809405 0.133482 0.571879
-0.427277 0.125488 0.89537
0.0898133 -0.205422 0.974544
0.711717 0.417036 0.565279
0.0439246 -0.103926 0.993615
0.659599 0.128456 0.74056
0.130869 0.243352 0.961069
-0.15318 0.34176 0.927219
-0.455639 0.858382 0.235739
0.874747 0.455462 0.165445
0.0786095 0.0942426 0.992441
0.934077 -0.211968 0.28735
-0.859544 0.0493129 0.508678
0.637014 0.412707 0.651066
-0.251951 -0.591025 0.766296
-0.545262 -0.66698 0.507767
0.129013 0.894586 0.427869
-0.392976 0.630522 0.669337
-0.0351982 -0.995418 0.0889018
-0.283624 0.76562 0.577394
0.204915 -0.384638 0.900035
0.180298 -0.892187 0.414119
-0.648666 -0.483172 0.588028
-0.800405 -0.232554 0.552513
-0.232642 -0.953998 0.189117
-0.975622 -0.203648 0.081787
-0.714451 -0.585655 0.382843
-0.295311 0.690139 0.660681
-0.618281 0.29095 0.730121
-0.00959225 0.663236 0.748349
0.233537 0.972113 0.0213459
-0.0737489 0.852448 0.517584
-0.403511 -0.819982 0.405966
0.417517 0.899343 0.129852
-0.328104 -0.935436 0.131555
-0.909218 -0.414654 0.0372126
0.442738 0.299568 0.845128
0.033719 0.990797 0.131089
0.732503 0.679831 0.0356215
0.388998 0.657026 0.645754
-0.974821 0.206127 0.0850668
0.158494 -0.115879 0.980536
0.925046 -0.349165 0.14958
-0.725836 -0.275156 0.630437
0.421335 0.906743 0.0171505
0.912137 -0.318776 0.257658
-0.302704 -0.838174 0.453691
0.878993 -0.421249 0.22343
-0.622282 0.391167 0.678051
0.327199 0.941825 0.076853
0.0372475 0.999187 0.0154043
0.339699 -0.204578 0.918015
0.284025 0.564347 0.77514
0.877677 -0.479223 0.00538388
0.00930608 -0.769444 0.638647
-0.68785 -0.381379 0.617586
0.0186657 -0.291335 0.956439
0.378372 0.094411 0.920826
0.134555 -0.708176 0.693095
-0.263674 0.278309 0.923591
-0.271785 0.383351 0.882709
-0.721088 0.593452 0.357558
-0.80229 -0.389709 0.452171
0.826771 -0.248493 0.504679
-0.154259 0.955734 0.250553
0.30336 0.793221 0.52799
-0.499488 -0.7907 0.353986
-0.507802 -0.449222 0.735076
0.844901 0.394237 0.361552
0.391677 0.730266 0.559733
-0.59616 -0.799437 0.0741272
0.31073 -0.640962 0.701865
0.34197 0.287172 0.894756
-0.302739 0.871523 0.385742
0.860381 -0.387981 0.330478
-0.116968 -0.880048 0.460254
-0.408984 -0.635532 0.654853
0.869388 0.132216 0.476112
0.0965745 -0.62417 0.775297
0.744054 0.63151 0.218125
0.980739 -0.164215 0.105757
0.562011 0.584513 0.585225
-0.223783 -0.247883 0.94259
0.716168 -0.173127 0.676114
-0.112078 0.623141 0.774037
0.830457 -0.551561 0.0782419
-0.3523 0.902765 0.246782
-0.0631813 0.980088 0.188243
0.0499923 -0.537499 0.841781
-0.514255 -0.846797 0.135928
-0.553164 0.803201 0.221083
-0.686991 0.207844 0.696308
-0.729845 -0.443761 0.520002
-0.76221 0.599072 0.245252
0.543001 -0.838393 0.0474064
0.624538 0.318943 0.712901
0.487597 -0.295332 0.821601
-0.192416 -0.672194 0.714934
-0.643859 -0.31463 0.697462
-0.443319 0.237953 0.864203
-0.4074 -0.47893 0.777593
0.783946 0.486182 0.386078
0.413069 0.199551 0.888568
-0.684684 0.503025 0.527422
-0.436554 -0.19791 0.87764
-0.502416 0.802409 0.322052
-0.154237 -0.161761 0.974702
-0.98995 -0.0941019 0.105563
-0.381606 0.710919 0.590738
0.126788 0.944018 0.304558
0.463057 -0.819478 0.337689
0.63033 -0.716105 0.299797
-0.469454 -0.0892701 0.878433
0.320565 -0.387845 0.864184
-0.603215 0.578203 0.549375
-0.76235 0.325849 0.559146
-0.925375 -0.258026 0.277675
-0.0462431 0.378205 0.924566
-0.60647 0.186982 0.772807
-0.805181 0.581241 0.117651
0.705927 -0.69858 0.116847
-0.734267 0.66095 0.154913
-0.346495 0.928025 0.136786
0.395047 0.847595 0.354288
-0.319171 -0.880599 0.350251
-0.596429 -0.780911 0.185606
-0.84915 -0.467553 0.245639
-0.0270398 -0.190997 0.981218
0.576675 0.781523 0.238049
-0.0151183 -0.951067 0.308614
-0.526208 0.848875 0.0501519
0.830562 -0.341202 0.440169
0.802991 0.595981 0.00347376
-0.678559 -0.204042 0.705638
-0.876532 0.2516 0.410353
0.896212 0.2996 0.327175
-0.333526 0.080214 0.939322
-0.617086 0.4886 0.616827
0.92534 -0.377016 0.0400581
0.155374 0.347509 0.924714
-0.361093 0.516831 0.776207
-0.15743 0.920412 0.357852
-0.80646 -0.0763661 0.586337
-0.759718 0.225006 0.610083
0.237116 0.269943 0.933224
-0.974356 -0.0681558 0.214441
-0.942957 -0.148274 0.298072
0.609122 0.721892 0.328394
-0.0715618 -0.532158 0.843615
0.919455 0.112699 0.376698
0.500132 0.845869 0.185403
-0.868014 -0.0622282 0.492625
0.686087 0.226658 0.691311
0.179268 0.141992 0.9735
-0.448847 -0.698122 0.557819
-0.794602 0.51788 0.316873
-0.263695 -0.142773 0.953982
-0.0398381 -0.844107 0.534692
0.98411 0.0604079 0.16697
0.93813 0.00548758 0.346239
0.707872 0.0324454 0.705595
0.79201 -0.15696 0.589986
0.884837 -0.451556 0.114719
-0.326809 -0.913475 0.242401
0.545223 -0.750567 0.373337
-0.0710464 -0.0876498 0.993615
-0.907858 -0.392296 0.147979
-0.91605 0.398456 0.0456531
0.423788 -0.38854 0.818193
0.0690381 -0.825211 0.560589
-0.0260396 0.478925 0.87747
-0.0335869 0.107713 0.993615
0.997691 0.0362829 0.0574052
0.634211 -0.749004 0.191753
0.628825 -0.773263 0.081511
0.989973 -0.0472528 0.133122
-0.969434 0.0413702 0.241839
0.821727 -0.487891 0.294496
0.037017 0.927792 0.371257
-0.948513 -0.311084 0.0595741
-0.910432 -0.109179 0.398991
0.664057 -0.522405 0.534904
0.768747 0.562575 0.3042
-0.248313 0.950232 0.188147
-0.0614472 0.995629 0.0703365
-0.955069 0.295764 0.0191432
-0.822958 0.568074 0.00568353
-0.252755 0.920768 0.297156
0.826254 0.229363 0.514487
0.374039 -0.87771 0.299534
-0.894942 -0.364847 0.256839
0.132804 -0.467627 0.873892
-0.360843 0.313931 0.878203
-0.841083 -0.283889 0.460421
0.974752 0.223149 0.00788309
0.642566 0.580235 0.500436
0.27283 0.0803646 0.9587
-0.268581 0.484548 0.832512
0.331681 -0.0148691 0.943274
0.768349 -0.638663 0.0418176
0.29576 0.727225 0.61941
0.511376 0.210595 0.833153
-0.204235 0.661828 0.721299
-0.990864 0.0152671 0.133996
-0.0920625 0.782621 0.615653
-0.646501 -0.0117566 0.762823
-0.209111 -0.746611 0.631542
0.48632 -0.560497 0.670325
0.940027 -0.105377 0.324414
-0.533872 -0.16772 0.828765
0.996032 -0.0848873 0.0267372
0.755487 -0.541615 0.368636
-0.741811 -0.668366 0.054814
0.933125 0.195926 0.301482
-0.422825 -0.902734 0.0793117
-0.669601 -0.742658 0.00967912
-0.352593 -0.404603 0.843786
0.182991 -0.933325 0.308899
0.461968 0.397803 0.792678
-0.34827 0.20388 0.914954
-0.685671 -0.542019 0.485871
0.952777 -0.244105 0.180634
-0.0639501 -0.363539 0.929381
0.48773 0.821613 0.295078
0.718306 0.497569 0.486273
-0.654359 0.731082 0.193216
0.5417 -0.196208 0.817352
-0.417867 -0.857437 0.300316
-0.182208 0.812169 0.55424
0.410269 -0.641333 0.648361
0.181529 0.54493 0.818595
5.55112e-17 -5.55112e-17 1
-0.92149 0.112711 0.371688
-0.656513 -0.673021 0.340636
0.310245 0.183787 0.932722
0.133016 0.988102 0.0772039
-0.165704 0.233767 0.958068
0.189986 0.634034 0.749604
0.0646525 0.417921 0.90618
-0.598158 0.741362 0.304284
0.740439 -0.445282 0.503462
0.262768 -0.784908 0.561135
0.12908 0.97342 0.189185
0.383706 0.574617 0.7229
0.18279 -0.962644 0.199761
0.967785 -0.133206 0.213653
0.632987 -0.185577 0.751591
-0.370406 0.781015 0.502806
-0.951423 0.149545 0.269129
-0.456863 0.44582 0.769754
0.275178 -0.297281 0.914276
-0.558801 -0.521371 0.644913
0.463612 -0.877912 0.119732
-0.0575489 0.948073 0.312803
0.0273398 0.20177 0.979051
-0.455694 -0.378151 0.805819
0.0792065 -0.882453 0.463683
0.291152 0.650086 0.701868
-0.3313 -0.225107 0.916279
-0.401822 0.852271 0.334922
0.824739 -0.0521898 0.563101
0.770073 -0.58242 0.260336
0.0289443 0.878044 0.477705
-0.0851079 -0.705697 0.703384
0.664518 0.710828 0.230518
-0.135276 -0.959734 0.246194
0.213086 0.847201 0.486667
0.613149 -0.373584 0.696048
0.902621 -0.0671841 0.425162
0.855716 -0.13944 0.498304
0.370564 -0.836081 0.404538
-0.857264 -0.514268 0.0250255
0.245982 -0.718261 0.650841
0.280399 -0.889103 0.361763
-0.587088 0.0740664 0.806128
0.313039 0.901647 0.298396
0.281778 -0.925073 0.254641
-0.12777 -0.609039 0.782781
0.163051 -0.982479 0.0902719
-0.910029 0.3405 0.236448
-3.92548e-05 0.743201 0.669069
-0.937329 0.324073 0.128025
0.0935856 0.69392 0.713944
0.408023 0.880618 0.240892
-0.0632444 0.905963 0.418606
0.454851 -0.475476 0.753016
-0.347752 -0.716333 0.604926
-0.111397 0.017909 0.993615
0.504422 -0.633877 0.586309
-0.0183948 -0.910137 0.413899
0.533898 0.00572272 0.845529
-0.102877 0.707397 0.69929
-0.726075 0.0157329 0.687436
0.965479 0.171597 0.195973
-0.800709 -0.562108 0.207122
-0.693844 0.409311 0.59249
0.669648 -0.275202 0.689809
-0.511186 -0.823381 0.246441
-0.999564 -0.0149726 0.0254569
0.871546 0.0200733 0.489902
-0.871806 0.345339 0.347412
-0.137875 -0.981348 0.133962
-0.543259 0.736033 0.403887
-0.118715 0.530945 0.83905
-0.0166206 0.574685 0.818206
0.703804 0.323463 0.632481
0.832775 -0.521062 0.187032
0.223209 -0.0199194 0.974567
0.451635 -0.892164 0.0082673
-0.212017 0.573331 0.791416
-0.669704 -0.705102 0.233083
0.195977 0.715048 0.671044
0.707197 -0.669875 0.226142
-0.830223 -0.432678 0.351452
-0.175193 0.441935 0.879773
-0.304544 0.605643 0.735153
-0.101556 -0.778898 0.618874
0.602155 0.222157 0.766848
-0.887885 0.428079 0.168548
0.5069 0.858878 0.07335
0.771552 -0.3418 0.536545
0.227837 0.964442 0.133949
-0.830332 0.51726 0.207343
0.457022 -0.772766 0.440413
0.0832502 -0.963812 0.253252
0.841 0.313744 0.440777
0.494224 -0.0985147 0.863734
-0.366149 0.418267 0.831257
-0.681554 0.727359 0.0802006
-0.462442 -0.546065 0.698542
0.0761733 -0.381948 0.921039
-0.695151 0.309964 0.648604
-0.898203 -0.220003 0.380566
-0.942737 -0.287053 0.169846
-0.519778 0.158497 0.83947
0.637289 -0.455261 0.621772
-0.553551 -0.348145 0.756556
-0.813361 0.432758 0.388798
-0.214728 -0.889069 0.404287
-0.704949 -0.09419 0.702976
0.846297 0.526339 0.0821515
0.558606 0.500863 0.661132
0.175683 -0.553437 0.814152
0.363537 0.387397 0.84721
0.890469 0.380925 0.248919
0.586845 0.799682 0.126974
-0.670395 0.101811 0.734987
-0.865871 0.493929 0.0793851
-0.129405 -0.444904 0.88618
0.319842 0.928464 0.188827
-0.138953 -0.99007 0.0212956
0.435278 -0.00104053 0.900295
0.21705 -0.208701 0.95359
0.536679 0.31271 0.783702
0.301722 0.857227 0.417283
0.625815 0.00976133 0.779911
0.35408 -0.477511 0.804121
0.782906 0.0352882 0.621139
-0.872636 -0.32841 0.361461
0.739221 0.131819 0.660436
0.113592 0.834748 0.538788
-0.978886 0.123953 0.162538
-0.559695 -0.0441538 0.827522
0.79843 -0.444173 0.406474
0.38697 -0.296832 0.873009
0.551284 -0.790209 0.267684
0.755135 -0.0698655 0.651836
0.369656 -0.925795 0.0791059
-0.00645935 -0.453122 0.891425
0.577442 -0.549438 0.603886
0.280257 -0.949031 0.144212
-0.118483 -0.927349 0.354945
0.470849 0.492633 0.731856
-0.194055 0.74172 0.642024
0.9608 0.251649 0.116345
-0.497301 0.0415914 0.866581
0.0867843 0.609112 0.788322
-0.741929 -0.649542 0.166243
-0.59762 0.793096 0.117679
-0.396429 -0.302979 0.86663
0.0323707 0.968365 0.247431
-0.015052 -0.613654 0.789432
0.0443967 0.314938 0.948073
-0.601052 -0.578786 0.551129
0.934472 0.277402 0.223183
-0.733227 -0.621707 0.275424
-0.467756 0.723797 0.50727
0.620715 -0.672134 0.40367
0.0826788 -0.928987 0.360759
-0.918446 0.251365 0.305405
0.900821 0.430243 0.0584168
0.582432 -0.286224 0.760821
-0.405239 -0.00343511 0.914204
-0.144569 0.125262 0.981534
0.280283 -0.115042 0.952999
0.222768 0.943608 0.244905
-0.359475 -0.572751 0.736705
-0.684525 0.671291 0.284243
0.389302 -0.564113 0.728163
-0.859024 -0.493513 0.136097
-0.22933 0.0511293 0.972005
-0.229636 -0.926326 0.298643
-0.0336485 -0.979072 0.200711
-0.176062 -0.347981 0.920821
-0.289179 -0.329056 0.898942
-0.171063 -0.823107 0.541509
0.444599 -0.716459 0.537604
0.674407 0.728648 0.119362
-0.380605 -0.7737 0.506486
0.680715 -0.584303 0.441834
-0.251667 0.160502 0.954412
-0.157991 0.979272 0.126751
0.205161 0.785826 0.583426
0.025914 -0.693142 0.720335
0.374577 -0.907415 0.190501
0.160096 -0.777779 0.607807
0.260447 0.372098 0.890905
-0.186398 -0.525001 0.830439
-0.618476 0.785774 0.00685342
-0.78668 -0.530601 0.315591
-0.0593394 0.271866 0.960504
0.360601 -0.784459 0.504571
-0.166107 0.986005 0.0142354
-0.857723 0.432882 0.27735
-0.743628 0.51086 0.431323
0.784324 0.407796 0.46748
-0.82309 0.341045 0.454105
0.171033 -0.840356 0.514344
-0.75736 0.421324 0.498892
-0.511033 -0.859235 0.0236525
0.713757 0.573224 0.402449
0.392986 -0.105023 0.913527
0.272415 -0.842649 0.464471
-0.953234 0.232804 0.192739
0.676349 -0.0793983 0.73229
