0.011556 -0.968476 0.248838
-0.775283 0.599717 0.19818
-0.00616327 0.984694 0.174183
0.798329 -0.589408 0.123571
0.245798 -0.284365 0.926671
0.475626 -0.683338 0.553921
0.0489233 0.826754 0.560432
-0.808827 -0.0411618 0.586605
0.770673 -0.228007 0.595043
-0.930015 -0.359921 0.0743543
-0.286242 0.513916 0.808675
-0.111034 0.993714 0.0142639
0.21051 -0.914793 0.344731
-0.34656 0.719793 0.601493
0.167764 -0.464058 0.869773
0.629479 0.633089 0.450505
0.625414 -0.374917 0.68432
0.942091 0.19347 0.273924
-0.843419 -0.403199 0.355069
-0.77764 -0.465382 0.422725
0.194711 0.54673 0.814355
-0.75278 -0.118031 0.647604
-0.472891 -0.62457 0.621519
0.281889 -0.57855 0.765388
-0.223694 0.85458 0.468672
-0.587281 0.402097 0.702438
0.592473 0.57992 0.559167
-0.0811792 -0.908702 0.409477
-0.873539 -0.198167 0.44459
-0.677036 0.638966 0.365164
-0.183896 0.934827 0.303778
-0.731782 0.681147 0.0231092
-0.463983 0.274812 0.842139
0.350943 0.605669 0.714146
0.87522 0.396428 0.277191
-0.228085 0.740054 0.63269
0.96796 -0.22409 0.113298
0.651853 0.0171299 0.758152
-0.400357 0.637502 0.65826
0.957309 0.273481 0.0936299
0.756123 0.171111 0.631664
-0.566553 -0.565268 0.599575
-0.888544 -0.458102 0.0251498
0.0203256 -0.82956 0.558048
-0.0172473 0.875517 0.482879
0.393322 -0.813294 0.428778
0.591428 -0.51073 0.623993
0.454301 0.578914 0.677104
-0.386284 -0.913474 0.127868
0.104705 -0.70351 0.70293
0.981121 -0.118923 0.152507
-0.340552 -0.450474 0.825287
0.537988 0.682396 0.494878
0.587856 -0.0624868 0.806548
-0.000848641 -0.674155 0.738589
-0.370644 0.863332 0.342465
-0.60421 -0.368559 0.706466
0.544642 -0.450511 0.707393
0.301868 -0.81468 0.495149
-0.442045 -0.288541 0.849318
0.717266 0.444057 0.536976
0.931696 -0.31658 0.178099
0.652381 -0.747109 0.127388
-0.498445 0.728297 0.470251
-0.454156 -0.798381 0.395386
0.206283 -0.949306 0.237205
-0.184692 -0.916985 0.353593
-0.520597 0.0212501 0.853538
-0.147478 -0.449907 0.880814
-0.645605 0.739457 0.19078
-0.857292 0.417005 0.301923
0.466637 -0.610554 0.639901
0.544253 0.511611 0.664862
-0.254015 0.0428628 0.96625
0.70306 0.703866 0.101389
-0.761927 0.45231 0.463554
-0.258358 0.346631 0.90172
0.481956 -0.798732 0.360201
0.577098 -0.813214 0.0751046
0.460915 -0.526054 0.71472
0.0128297 0.959148 0.282615
-0.722631 0.677784 0.135696
0.132644 0.628227 0.76664
-0.362134 -0.810835 0.459788
0.0946132 0.879069 0.467211
0.208172 0.871887 0.443258
0.214049 -0.066182 0.974578
-0.488113 0.852882 0.185305
0.997638 0.0680437 0.00943445
-0.672751 -0.400267 0.622248
-0.637421 0.459156 0.618765
0.989427 0.0790355 0.121607
0.453903 -0.433155 0.778684
0.490558 -0.870862 0.0308511
-0.714524 -0.692737 0.0978339
0.72135 0.27861 0.634059
0.00273787 -0.999711 0.0238878
0.295067 0.0154399 0.955352
0.905059 -0.425123 0.0117721
-0.147011 -0.346524 0.92645
-0.764864 -0.590633 0.257169
0.243307 0.621362 0.74479
0.937226 0.282486 0.204474
-0.217234 0.446793 0.867863
0.136166 0.918999 0.370001
0.233185 -0.176058 0.956362
0.990474 -0.131576 0.0405997
0.409592 0.511087 0.755662
-0.679068 -0.0803055 0.72967
0.713834 -0.638597 0.287465
0.356588 -0.41293 0.838053
-0.0909336 -0.719968 0.688025
-0.0378435 0.548746 0.835132
-0.432591 0.0761694 0.898367
0.195472 -0.645983 0.7379
-0.333809 0.116696 0.935389
-0.118207 -0.546143 0.82931
0 0 1
0.134005 0.267325 0.954243
0.82569 0.420707 0.375822
0.306757 -0.870746 0.384319
-0.145695 0.0674801 0.987026
-0.373193 -0.860489 0.346822
-0.196044 -0.980331 0.0227732
0.0246846 0.921166 0.388387
0.179724 -0.55891 0.809517
-0.720223 0.409946 0.559663
-0.702149 0.665059 0.25433
0.752591 -0.128669 0.645795
0.498773 0.442458 0.745289
0.638606 0.310495 0.704113
-0.601348 -0.0352202 0.79821
-0.977727 -0.0473297 0.204477
-0.531552 0.765459 0.362664
-0.264437 0.890743 0.369662
-0.576277 0.806537 0.131918
0.547737 0.340427 0.76426
0.181051 0.699235 0.691585
0.470321 0.0743386 0.879359
0.909625 -0.29974 0.287644
0.713379 0.0880232 0.695228
-0.842194 0.521265 0.13781
0.794184 -0.458949 0.398294
0.199812 -0.979738 0.0137269
0.0469273 -0.329274 0.943068
0.924302 -0.0874411 0.371511
0.569139 -0.767294 0.295535
0.444328 -0.333661 0.83141
0.286354 0.958114 0.00434258
-0.354887 0.00269831 0.934905
-0.473196 -0.862404 0.179847
-0.331709 0.832396 0.443944
0.82684 -0.480528 0.292281
-0.467253 -0.83541 0.289423
-0.881784 0.430608 0.192442
0.400544 -0.892066 0.209242
0.305156 -0.937218 0.168827
-0.554853 -0.800309 0.227253
0.290377 0.687688 0.665407
0.857329 -0.381257 0.345877
0.958634 -0.109266 0.262834
-0.446096 -0.178778 0.876948
0.336427 -0.203459 0.919468
-0.560626 -0.828062 0.0034152
0.917396 0.37275 0.139436
-0.891969 0.146343 0.427755
-0.435628 0.800963 0.410715
-0.503729 0.149944 0.850749
-0.161838 -0.238873 0.95747
-0.858938 0.0266745 0.511385
0.0855621 0.380403 0.920854
0.19743 0.374257 0.906065
0.570502 0.72079 0.393687
-0.39313 0.889015 0.234735
-0.446762 -0.71873 0.532759
0.883474 0.11871 0.453191
0.612479 -0.277527 0.740167
-0.791429 0.605679 0.0824186
-0.54794 0.646634 0.530684
0.205714 -0.80671 0.553986
0.534643 -0.354968 0.766912
-0.815218 -0.150617 0.559226
0.0345441 -0.221451 0.97456
0.787183 0.292035 0.543192
-0.545265 -0.768069 0.335793
-0.944095 0.251738 0.212867
-0.720464 0.550947 0.421177
-0.0766926 -0.793645 0.603528
-0.792452 0.0703894 0.605859
0.479177 -0.7471 0.460686
-0.290354 -0.937862 0.190027
0.369209 -0.507973 0.778234
-0.432015 0.383462 0.816284
-0.401213 -0.58914 0.701385
0.436845 0.182264 0.880878
-0.642173 -0.76495 0.0496534
0.854771 0.317244 0.410759
0.911397 0.0175966 0.411152
-0.718835 0.119973 0.684751
0.786362 0.518696 0.335544
0.115973 0.767991 0.629873
0.969535 0.182117 0.163815
-0.46892 0.832075 0.296253
0.60626 0.743688 0.28174
0.882834 0.463813 0.0740398
0.0761946 -0.530116 0.844495
-0.527857 -0.33247 0.781557
-0.793414 0.349502 0.49834
-0.394259 0.764845 0.509482
0.0798353 0.551346 0.830448
-0.597425 0.556442 0.577456
0.295652 -0.749786 0.591955
-0.0565395 -0.285886 0.956594
0.440011 0.717717 0.539697
-0.345489 0.579422 0.738179
0.756827 0.484215 0.439032
-0.363721 0.313396 0.877206
0.593353 0.413188 0.690803
0.828995 -0.14907 0.539022
-0.920753 -0.343105 0.18572
-0.830363 -0.521482 0.19635
-0.237016 0.603814 0.761073
0.725366 -0.685051 0.0674472
-0.60885 -0.154426 0.77811
0.498754 0.635167 0.589752
0.269872 0.81239 0.516906
-0.212201 0.973698 0.0829698
0.158167 0.158815 0.974557
0.0694023 0.701931 0.708855
0.62306 0.767823 0.149143
-0.779608 -0.625307 0.0346814
0.683818 0.697677 0.213633
0.903861 0.292783 0.311952
0.694984 -0.398553 0.598459
-0.897221 0.434172 0.0805503
-0.415787 0.909394 0.0111685
-0.407399 0.191251 0.893
0.637963 -0.59037 0.494436
0.981154 -0.0133291 0.192767
-0.989036 0.13348 0.0631768
0.866893 0.46253 0.185911
-0.521993 -0.725394 0.448695
0.487739 -0.835386 0.253459
0.571606 -0.798919 0.18707
-0.285402 0.791997 0.53971
0.244773 0.907677 0.340893
0.00871037 -0.99062 0.136371
0.116492 -0.855439 0.504633
-0.101984 0.466494 0.878625
0.39811 0.665884 0.630957
-0.474974 -0.87738 0.0678496
0.106405 -0.0375241 0.993615
0.360767 0.435936 0.824504
0.824987 0.140918 0.547302
0.786978 -0.570704 0.234441
-0.120515 0.890178 0.439385
0.160351 0.82516 0.541664
0.0205006 -0.11095 0.993615
0.943811 -0.323832 0.0659761
-0.00869163 0.998039 0.0619936
-0.108835 0.985916 0.126981
-0.292848 -0.952967 0.0780603
0.555973 -0.604033 0.570999
-0.700801 0.239627 0.671905
-0.0781774 -0.856742 0.509786
0.720664 -0.527836 0.449481
0.791329 -0.611254 0.0129157
-0.0785616 0.935417 0.344706
-0.0148123 -0.58715 0.809342
-0.10617 -0.0381852 0.993615
-0.754317 0.580058 0.307472
0.514815 0.792663 0.326574
-0.328626 0.416653 0.847588
0.30052 -0.952077 0.056896
-0.934891 0.184444 0.303247
-0.0875821 -0.948651 0.303959
-0.176892 -0.871769 0.456867
-0.20829 -0.591866 0.778659
0.205903 -0.970403 0.126184
0.971815 -0.235745 0.000957978
-0.374064 -0.678276 0.63247
-0.559798 -0.820446 0.116163
-0.871296 -0.423775 0.247503
-0.305498 0.228763 0.924304
0.474981 0.879747 0.0209582
-0.610232 -0.26313 0.747248
0.850619 -0.493086 0.182519
-0.934478 0.0797122 0.346983
0.264189 0.124142 0.956448
-0.120672 0.177203 0.976748
0.983761 0.171728 0.0521887
-0.0871998 -0.977006 0.194567
-0.837754 -0.539389 0.085015
-0.184551 -0.951539 0.245998
0.0903849 0.989172 0.115623
-0.62938 -0.728 0.27184
0.807781 -0.0491818 0.587428
-0.0977941 0.966393 0.237741
-0.700804 -0.53323 0.473856
0.390019 -0.753078 0.529867
0.902789 0.20224 0.379567
0.953351 -0.00333629 0.301845
0.63802 0.769177 0.0360043
0.849712 0.225523 0.476581
0.0131432 -0.752549 0.658405
0.397903 -0.912171 0.0980678
-0.958558 -0.256869 0.12323
-0.314035 0.948528 0.0409333
-0.667706 0.0380539 0.743452
0.141071 0.466526 0.873185
-0.288454 0.920569 0.263339
0.107403 -0.976 0.189445
0.375764 -0.600014 0.706247
-0.172592 -0.128023 0.976638
0.729335 -0.66067 0.177722
0.306485 0.355824 0.882868
-0.267573 -0.181233 0.94634
0.528466 -0.251087 0.810974
-0.043864 -0.392069 0.91889
0.496461 0.262092 0.827547
0.0922866 0.995728 0.00282095
0.625304 0.126325 0.770089
-0.116112 0.754748 0.645657
-0.844374 0.35876 0.3979
-0.749351 -0.3345 0.571474
-0.27929 -0.868668 0.409161
-0.294413 0.665564 0.685818
-0.197141 -0.970982 0.135389
-0.691141 -0.647346 0.321351
0.0181087 -0.887972 0.459542
0.487908 -0.861036 0.1434
-0.546763 0.507004 0.666332
-0.993605 -0.0630146 0.0936945
0.151883 -0.363622 0.919081
0.0248222 0.468018 0.88337
-0.56092 0.790687 0.245321
-0.381774 -0.89285 0.238887
-0.558297 0.23262 0.796362
0.673342 -0.496998 0.547361
0.290799 -0.670615 0.682431
0.734094 0.619548 0.277968
-0.436938 -0.393865 0.808675
0.928018 0.371561 0.0269344
-0.852548 0.522037 0.0252793
0.677857 0.203528 0.70646
-0.814155 -0.256865 0.520741
0.318863 -0.0943524 0.943093
-0.229975 0.153163 0.961069
0.124271 0.956469 0.264051
0.775066 0.629657 0.0529637
-0.657391 0.749536 0.0776764
-0.0706955 -0.176623 0.981736
0.923231 -0.193335 0.332063
0.0238476 0.292488 0.955972
0.419971 -0.119934 0.899578
0.188677 0.04375 0.981064
0.712347 0.580411 0.394569
-0.627344 -0.619093 0.472402
-0.916811 -0.114119 0.382668
0.883711 -0.171204 0.435597
0.347473 -0.310452 0.884807
-0.283765 -0.910897 0.299573
-0.421515 -0.494684 0.760008
0.680136 0.383428 0.624819
0.186748 0.967494 0.170532
0.304052 0.534639 0.788488
-0.527829 -0.108823 0.84235
0.996319 -0.0264094 0.0815478
-0.5914 0.688487 0.419799
0.851175 0.0335253 0.52381
-0.0330279 0.107885 0.993615
-0.501179 0.600795 0.622788
-0.968659 0.0591427 0.24125
0.435411 -0.228133 0.870846
-0.392184 0.483666 0.78247
0.791087 0.383327 0.476699
-0.270143 -0.722499 0.636411
-0.707289 -0.675247 0.209246
0.736074 -0.0211931 0.676569
-0.834889 0.244509 0.493129
0.561726 -0.672779 0.48149
0.684054 -0.198952 0.701775
-0.588382 -0.469546 0.65828
-0.261436 -0.819242 0.510385
-0.343003 -0.756404 0.556958
-0.94207 -0.240483 0.233822
-0.871155 -0.0888367 0.482904
-0.973648 -0.154214 0.168009
-0.0495735 0.696403 0.715937
0.769074 -0.330359 0.547164
-0.983948 -0.169283 0.0564846
-0.755012 0.291459 0.587374
0.374398 0.907381 0.19101
0.902828 -0.411745 0.123964
0.564837 0.0467868 0.823875
0.386432 0.918908 0.0792369
0.496624 -0.0348982 0.867264
0.751578 -0.431182 0.499212
0.786744 0.0585001 0.614501
-0.682709 -0.297202 0.667518
-0.793815 0.489024 0.361544
-0.199008 0.260607 0.944712
-0.802969 -0.359702 0.475242
-0.973309 0.149765 0.173894
-0.247291 -0.397003 0.883875
0.534507 0.155432 0.830749
-0.0634914 0.819549 0.569481
0.0153085 -0.934188 0.356454
0.335424 0.743736 0.578228
-0.497986 -0.53355 0.683619
-0.188546 -0.78525 0.589773
0.34938 0.886352 0.303833
0.678285 0.541971 0.496182
0.333462 0.205675 0.920055
0.369391 0.0986036 0.924028
0.0903932 -0.620877 0.778679
-0.637951 -0.752859 0.161933
-0.267793 -0.0691788 0.96099
0.395607 0.287136 0.87238
0.515726 -0.143945 0.844575
-0.777122 -0.611972 0.146872
-0.408466 0.904335 0.123826
0.244197 0.274237 0.930141
0.449909 0.367267 0.814061
0.85781 -0.509057 0.0708759
-0.884443 0.253262 0.391943
-0.0273598 -0.49254 0.86986
0.472284 0.868596 0.149963
0.758274 -0.552643 0.345842
-0.538284 -0.652442 0.533451
0.876933 -0.276302 0.39325
0.543311 0.81114 0.216483
-0.0990828 -0.9916 0.083137
-0.898545 -0.324928 0.295023
-0.999384 0.0290285 0.0197416
0.110082 -0.784696 0.610028
-0.347941 -0.347306 0.870813
0.253345 0.456739 0.852763
0.759457 0.629314 0.164888
-0.638149 0.603605 0.477941
-0.589501 0.0946513 0.802203
0.22659 0.761068 0.60781
-0.202064 0.959831 0.194665
0.106095 -0.991332 0.0774896
0.0170467 0.628855 0.777336
-0.652924 -0.498585 0.570178
-0.450133 0.687424 0.569937
0.41801 0.828546 0.372531
-0.929259 0.340171 0.144089
-0.175674 0.809355 0.560431
0.397564 -0.860785 0.317793
0.271233 -0.486719 0.830384
0.653935 -0.756407 0.0147734
-0.741636 -0.00691252 0.670767
0.140042 -0.257499 0.956077
0.213761 -0.867864 0.448462
0.679956 -0.618764 0.393435
0.00272584 0.765513 0.643415
0.554062 0.82831 0.0831774
-0.619888 0.2966 0.726476
0.819461 -0.355856 0.449277
-0.255643 -0.290933 0.921957
-0.444854 -0.0521673 0.894082
0.0634908 -0.432232 0.899524
0.700015 -0.297668 0.649132
-0.238345 -0.497927 0.833823
-0.685411 -0.189926 0.70295
-0.194322 -0.678948 0.708003
-0.305299 0.939841 0.153268
-0.105234 -0.637123 0.763544
-0.38572 -0.92249 0.0152216
0.670904 -0.0919985 0.735816
0.189516 0.980147 0.0582684
-0.171812 0.681553 0.711313
-0.610307 -0.691172 0.387049
-0.530127 -0.225331 0.81743
-0.885997 -0.442957 0.13711
-0.300032 -0.638998 0.708281
-0.642483 0.176875 0.745607
-0.73334 -0.435292 0.522239
-0.965453 0.240648 0.0999478
0.256604 -0.388799 0.884867
0.590837 0.233929 0.772132
0.111545 -0.947776 0.298794
-0.104698 0.619625 0.777883
0.39825 -0.0104453 0.917218
0.805231 0.547421 0.227889
-0.44895 0.546076 0.70728
0.876001 -0.0666113 0.477688
0.653016 -0.71933 0.236927
-0.773328 0.181757 0.607394
0.0816689 0.0778477 0.993615
0.950377 -0.215282 0.224581
-0.620735 0.72006 0.310165
0.114758 -0.907401 0.404294
-0.584384 0.81129 0.0174504
0.634421 0.484326 0.602444
-0.810678 -0.499396 0.305622
-0.990369 0.0434463 0.131463
0.273264 0.932921 0.234489
0.304132 -0.91094 0.278733
-0.51544 -0.435909 0.737771
-0.169258 0.539582 0.824744
-0.0887887 0.283393 0.954885
-0.36106 -0.121587 0.924582
0.831823 -0.25275 0.494153
-0.683989 0.509992 0.5216
0.658638 0.667697 0.346954
-0.755541 -0.229773 0.613484
-0.149018 0.371012 0.916594
-0.939362 0.341473 0.0315407
-0.529025 0.340612 0.777249
-0.493325 0.447302 0.746024
-0.901803 0.313216 0.297736
-0.865088 -0.302023 0.400507
0.60344 -0.700883 0.380293
-0.82306 0.51062 0.248676
-0.741079 -0.559258 0.371526
-0.0367628 0.382126 0.923379
0.836398 0.548106 0.00439828
0.935115 0.101661 0.339448
0.603317 -0.171722 0.778794
-0.838785 0.136769 0.527005
-0.962267 -0.271871 0.0112835
-0.909424 -0.00633602 0.415822
0.12647 -0.14808 0.980856
-0.678294 0.350226 0.645955
0.825917 0.551546 0.116867
-0.499674 0.86328 0.0712294
0.0485008 0.185198 0.981504
-0.914065 -0.219215 0.341219
0.968389 0.09192 0.231889
0.44861 0.85518 0.259646
0.476133 0.760492 0.441532
0.201089 -0.731813 0.651163
0.315365 0.855012 0.411703
-0.94964 -0.0267358 0.312201
0.37551 0.791085 0.482884
0.884964 -0.400266 0.237961
0.383734 -0.684644 0.619685
-0.354617 -0.239436 0.903835
-0.951472 -0.134099 0.276979
0.285028 0.951334 0.117139
-0.319139 -0.548329 0.772972
