0.0436009 0.448644 0.892647
0.802671 0.135856 0.580743
-0.583381 0.704009 0.405017
-0.380458 0.0480554 0.923549
0.254027 0.900895 0.351936
-0.677952 -0.165652 0.716198
-0.950626 0.0145668 0.309998
-0.273194 0.205813 0.939684
-0.828757 0.170795 0.532908
0.770346 -0.0808438 0.632481
0.984439 0.154999 0.082792
0.794453 -0.349385 0.496763
-0.333124 -0.679311 0.653884
-0.222365 0.611481 0.759372
0.0284121 0.635004 0.771987
0.811653 0.485157 0.325335
0.485987 -0.467845 0.738199
0.0342902 -0.948429 0.31513
-0.796195 -0.426249 0.429401
0.657041 0.385557 0.647798
0.57973 -0.800266 0.153257
-0.0671763 0.295813 0.952881
0.499998 0.86573 0.0226514
0.290167 -0.846837 0.445724
-0.69519 0.122713 0.708274
0.413261 0.878552 0.239504
0.733341 0.315893 0.602015
-0.93339 0.319199 0.163998
-0.43309 -0.692111 0.577421
-0.710147 0.554977 0.433235
-0.549072 0.157131 0.820871
-0.426971 0.738991 0.521141
-0.989461 0.139141 0.0400803
-0.663836 -0.525643 0.531998
-0.0371669 -0.865888 0.498856
-0.820575 0.0523028 0.56914
0.503159 0.41976 0.755402
0.415872 0.281802 0.864661
-0.468202 -0.883565 0.0100003
-0.880782 0.189816 0.433812
0.185959 -0.885624 0.425546
-0.35114 -0.914828 0.199475
0.423481 -0.739592 0.523133
0.797241 -0.503908 0.33239
-0.258478 0.742697 0.61773
0.672069 -0.611685 0.41733
-0.64115 -0.070193 0.764198
0.607246 -0.609334 0.509868
0.856069 -0.406519 0.319198
-0.588252 -0.609652 0.531303
0.228122 -0.97281 0.0400138
-0.416297 -0.606505 0.677384
0.356436 0.92188 0.151958
-0.0496089 0.509675 0.858936
0.555639 0.82389 0.11167
0.768926 0.623925 0.139539
-0.633179 0.306417 0.710769
0.93227 0.338235 0.128332
-0.339258 -0.813411 0.472511
0.593415 0.588243 0.549389
0.559789 -0.501612 0.659561
0.986238 -0.0583026 0.154713
0.940457 -0.274777 0.200095
0.947473 -0.319779 0.00606826
0.465031 0.823717 0.324403
-0.763817 0.36091 0.535096
0.740326 -0.189057 0.645116
-0.562804 0.602891 0.565485
-0.665589 0.720228 0.195611
0.578493 0.137602 0.803997
0.24525 0.814827 0.525271
0.0792765 0.889898 0.449218
-0.530869 -0.695141 0.484723
0.335256 0.658639 0.673646
0.241496 -0.75214 0.613161
-0.00535576 -0.6075 0.794301
-0.7876 0.575433 0.220372
-0.988389 -0.0645401 0.137559
-0.466941 -0.0131206 0.884191
-0.525603 0.687733 0.500764
0.796143 0.0255805 0.604567
-0.792451 -0.342226 0.504879
-0.588847 -0.166757 0.790855
-0.526013 -0.262935 0.808811
-0.331233 0.874555 0.354173
-0.528457 0.472582 0.705265
0.638647 0.493246 0.590626
0.322478 -0.913499 0.248048
-0.8873 0.403137 0.224007
-0.103504 -0.0449119 0.993615
-0.217648 0.961622 0.167069
0.959006 0.233346 0.160803
0.214995 -0.947059 0.238447
-0.389369 -0.871954 0.296795
0.140204 -0.368706 0.918912
0.0247004 0.232909 0.972185
-0.162875 0.948313 0.272349
0.733886 -0.597098 0.32386
0.40556 -0.428735 0.807284
-0.732608 -0.436501 0.522258
0.575541 0.457992 0.677492
0.0760093 -0.907983 0.412055
-0.965617 -0.078589 0.247804
-0.494781 -0.163912 0.853419
0.33613 -0.940583 0.0481718
0.527517 -0.223625 0.819584
-0.6602 -0.605621 0.444251
0.248965 0.954399 0.16474
-0.896284 -0.220013 0.385058
0.961347 -0.0885288 0.260721
0.73829 0.0998764 0.667048
0.383163 -0.910963 0.15275
0.651816 0.0666277 0.755445
0.136966 0.384042 0.9131
-0.882366 -0.453871 0.124225
-0.149619 -0.854884 0.496777
0.134455 0.836087 0.531865
-0.550704 -0.0680943 0.831918
-0.851224 0.496174 0.170966
-0.623722 0.622747 0.472396
0.716046 -0.00650312 0.698023
-0.604491 -0.691251 0.395932
-0.489014 -0.818792 0.300741
-0.0568151 0.401456 0.914114
0.361258 -0.866027 0.345673
0.850839 0.273399 0.448695
-0.685593 0.436021 0.582964
-0.627207 0.201501 0.752336
-0.326361 0.931662 0.159671
0.998544 -0.0276397 0.0463245
0.606368 -0.152806 0.780364
-0.168648 0.246095 0.954461
0.30738 -0.483294 0.819722
0.29664 0.739284 0.604537
-0.500087 0.568708 0.653058
-0.582018 -0.754635 0.302954
-0.723121 -0.350631 0.595109
-0.654378 -0.756076 0.0117385
0.0549992 0.545819 0.836096
-0.405343 -0.908623 0.100508
-0.534111 0.779702 0.326789
0.66801 0.280935 0.689085
0.306606 0.84625 0.435723
-0.272961 0.926468 0.259131
0.356372 -0.160449 0.920464
-0.0772193 0.184682 0.97976
-0.147959 0.457044 0.877051
0.00188335 -0.999723 0.0234638
-0.118294 -0.159783 0.980039
-0.705205 0.228935 0.671025
-0.577395 0.785545 0.222563
0.154998 -0.256589 0.954011
0.36219 0.867976 0.339758
-0.658755 -0.442557 0.608429
0.117665 -0.992692 0.026799
0.0689257 0.959102 0.274541
0.108237 -0.855303 0.506697
-0.703991 0.333582 0.626993
0.857562 0.167107 0.486479
-0.893988 -0.384314 0.230408
-0.840319 -0.482281 0.247526
-0.321399 -0.594014 0.737461
0.690131 -0.115267 0.714445
-0.548579 0.370556 0.7495
0.4022 0.174909 0.898689
-0.132676 -0.970361 0.201981
-0.484865 0.763182 0.427152
-0.817829 0.374662 0.436789
0.656882 -0.515987 0.549785
-0.215157 0.814912 0.538169
0.897352 -0.0334476 0.440045
-0.286743 -0.89674 0.337099
0.964816 -0.245683 0.0936475
-0.577727 0.815504 0.0344228
0.21608 0.205705 0.954461
0.122835 -0.478275 0.869577
0.786236 -0.575049 0.226165
-0.756609 0.564118 0.330626
-0.104322 0.836946 0.537251
0.0377025 -0.415233 0.908934
0.800788 0.243728 0.547115
0.12867 0.975219 0.17998
0.872568 -0.14011 0.467967
-0.97905 0.131426 0.155525
-0.691455 -0.714018 0.109857
-0.148272 -0.906164 0.396083
0.971967 0.0208075 0.234195
-0.0458379 0.888941 0.455722
-0.0621357 -0.99128 0.116206
0.354862 0.478157 0.803392
0.401495 0.699188 0.591555
-0.277364 0.8488 0.450119
-0.148437 -0.792767 0.591175
-0.704829 -0.259957 0.660029
0.146649 -0.933374 0.327579
-0.61822 0.410793 0.670115
-0.212121 -0.582151 0.784923
0.135499 -0.788853 0.599459
-0.807282 0.579978 0.109184
-0.771546 0.254315 0.58313
-0.851754 -0.326176 0.41003
0.388593 0.0646034 0.919142
0.532713 0.55514 0.638777
0.929432 -0.351231 0.113102
-0.85749 0.392621 0.332504
-0.499007 -0.529437 0.686067
-0.921584 0.102835 0.374311
-0.245265 -0.808433 0.535053
0.651461 -0.682376 0.331604
0.722862 -0.363063 0.587925
0.55931 0.0289518 0.828453
-0.995213 0.0379491 0.0900591
-0.178755 0.135345 0.97454
-0.515503 -0.760883 0.394099
0.228033 0.69274 0.684188
0.127437 0.275779 0.952736
0.670869 0.172625 0.721205
0.630645 -0.774061 0.0558309
-0.910232 -0.00287397 0.414089
-0.505801 -0.611402 0.608566
-0.558415 -0.353989 0.750243
-0.366426 0.270727 0.89019
-0.86828 -0.495665 0.0201787
-0.778203 -0.25418 0.574275
0.64203 0.619148 0.452165
-0.0908882 -0.544929 0.833542
0.371328 -0.0486393 0.927227
0.587846 0.349537 0.729562
-0.112899 -0.63283 0.766016
-0.0357724 -0.916717 0.397933
-0.481623 0.842344 0.241861
0.929518 0.368264 0.0194214
-0.323056 0.781632 0.53356
-0.357335 0.477969 0.802407
0.237766 0.419669 0.875982
-0.0505447 0.959179 0.278246
0.690327 0.526813 0.495899
0.167906 -0.976436 0.135573
0.0283469 -0.816538 0.576595
0.922466 -0.1168 0.367987
0.777189 -0.265513 0.570508
-0.767357 0.145789 0.624427
-0.428047 -0.254047 0.867315
0.400808 0.915057 0.0449884
0.4622 0.518689 0.719259
-0.939816 -0.186468 0.286313
0.459149 0.878126 0.134449
-0.585119 -0.531023 0.612903
-0.723093 -0.594943 0.35097
0.497396 -0.366275 0.786409
-0.243657 -0.949643 0.197002
0.812071 -0.158388 0.561652
0.342418 -0.270657 0.899719
-0.640643 0.0427876 0.766646
0.324672 -0.377437 0.867254
0.61654 -0.747797 0.246331
-0.621827 -0.261214 0.738308
0.45544 0.736825 0.499662
-0.282117 0.0941688 0.954747
0.882242 -0.452546 0.129813
-0.373368 0.160411 0.913709
0.0122681 0.116962 0.993061
0.651686 0.705656 0.278127
-0.549928 0.044892 0.834005
0.46755 -0.00817415 0.883929
-0.671276 0.64134 0.37158
0.524674 -0.81344 0.251063
0.765651 0.449111 0.460519
-0.295624 -0.509597 0.808033
0.841763 -0.248237 0.479389
-0.979086 0.0281851 0.201484
0.606587 0.770205 0.197069
0.196902 0.944068 0.264508
0.257445 -0.210136 0.943167
0.268939 -0.669464 0.692452
0.500697 0.648015 0.573915
0.411872 0.807241 0.422757
-0.379686 0.889785 0.253221
0.227946 0.316407 0.92083
0.869796 0.391564 0.300222
-0.99903 -0.0426501 0.0109386
-0.254549 0.419976 0.871106
-0.0504814 -0.348113 0.936092
-0.807252 -0.590135 0.0091427
0.6924 0.630051 0.351593
0.255587 -0.905485 0.33878
0.189804 -0.0218496 0.981579
-0.294605 -0.0181452 0.955447
-0.243776 -0.969827 0.00300053
0.742769 0.53945 0.396596
-0.159011 0.35382 0.921698
-0.466075 0.106331 0.878332
0.691838 0.702638 0.166313
0.257321 0.607077 0.751826
-0.0775394 -0.951178 0.298743
0.0566651 -0.990922 0.121914
0.725331 0.68613 0.0558677
-0.0401151 -0.240736 0.969761
0.0170629 -0.515855 0.856506
-0.189526 -0.936412 0.295316
0.860156 0.509777 0.0161082
0.97004 0.130022 0.205225
-0.357864 0.377467 0.85408
0.307663 0.917027 0.253784
-0.850511 -0.407922 0.332011
-0.545343 0.266971 0.794561
-0.777227 -0.575838 0.253629
0.903048 -0.305134 0.30232
-0.0770859 0.717561 0.692216
0.802176 -0.428189 0.416134
-0.63999 -0.739957 0.207065
-0.192653 0.0233803 0.980988
-0.512648 -0.851667 0.108884
0.426047 -0.868571 0.253116
-0.796803 -0.0539446 0.601827
-0.73554 0.665747 0.125543
0.757039 -0.638848 0.136989
0.937202 0.208525 0.279588
-0.875375 0.0850768 0.4759
0.644199 0.760503 0.0815016
0.55222 0.682144 0.479303
0.519037 -0.679429 0.518631
-0.0151928 -0.115423 0.9932
-0.188043 0.696138 0.692843
-0.222928 0.906529 0.35848
0.944982 0.100352 0.311351
-0.14857 0.77158 0.618539
0.940883 -0.00924386 0.338605
-0.909838 0.307077 0.279102
2.77556e-17 2.77556e-17 1
-0.900468 -0.3047 0.310348
0.832785 0.376428 0.405919
-0.594523 0.510065 0.621592
0.892548 0.290351 0.345043
-0.136627 -0.71191 0.688852
0.733065 0.634025 0.246229
0.0657149 0.993949 0.08802
0.214669 -0.82276 0.526292
0.0631062 -0.195601 0.978651
0.500109 0.210635 0.839955
-0.43537 0.83176 0.344426
-0.453669 -0.867514 0.203969
-0.410756 -0.108891 0.905219
0.0803007 -0.663594 0.743771
-0.466114 0.657504 0.591968
0.362954 0.569579 0.737458
0.657815 -0.333309 0.675415
0.852299 -0.522782 0.0168934
0.390027 -0.52755 0.754699
0.441384 -0.29063 0.848949
0.854634 -0.32916 0.401565
0.0760373 0.785421 0.614273
-0.927786 -0.350462 0.128023
-0.241659 -0.740196 0.627464
0.735589 -0.444805 0.510937
0.130276 0.666212 0.734295
0.187795 0.768958 0.611095
0.241569 -0.318804 0.91652
0.206788 -0.534791 0.819291
0.788899 0.348403 0.506216
0.576067 -0.402532 0.711417
-0.418638 -0.819062 0.392276
0.558559 -0.755202 0.343048
-0.306342 -0.129853 0.943023
-0.731986 -0.518367 0.442145
0.836103 0.534435 0.123738
0.277399 -0.94986 0.144273
-0.741241 0.461052 0.487845
-0.189212 -0.976652 0.101728
-0.875274 0.291883 0.385617
-0.956776 0.118554 0.265566
-0.245182 -0.865223 0.43735
-0.356107 -0.934443 0.00201669
0.439816 -0.896336 0.0560686
-0.79351 0.608557 0.000720495
-0.377486 0.924123 0.0591716
0.446945 -0.660298 0.603528
-0.145664 0.554269 0.819493
0.842088 -0.0523127 0.536797
0.326848 0.350157 0.877816
0.99059 0.0511537 0.126942
-0.824714 -0.14805 0.545828
0.395887 -0.808043 0.43628
-0.86211 0.504704 0.0451643
-0.246459 -0.316738 0.915934
0.192597 0.875434 0.443308
0.919908 0.311989 0.237553
0.904074 0.185314 0.385109
0.855815 0.0575328 0.514073
0.136568 0.92373 0.357873
0.709311 -0.664124 0.236256
-0.564887 -0.825085 0.0117243
-0.143037 -0.284372 0.947984
0.788133 -0.614722 0.0310552
-0.299758 -0.948874 0.0989056
-0.713933 0.647269 0.2671
-0.987763 -0.14478 0.0579852
0.146339 0.48468 0.862363
0.605341 0.698873 0.380971
-0.60591 -0.78786 0.110225
-0.723604 -0.0664824 0.687007
-0.328547 0.573923 0.750112
0.561947 0.769512 0.303427
-0.576209 -0.44494 0.685574
-0.383458 0.81062 0.442554
0.0883563 -0.0701658 0.993615
-0.0897563 0.0683659 0.993615
0.513261 0.829335 0.220833
0.169553 -0.146427 0.974582
0.898849 -0.380214 0.217961
-0.0472263 0.995314 0.0843766
-0.353225 -0.338602 0.872113
0.538283 -0.840883 0.056286
-0.269426 0.960724 0.0664795
-0.337468 -0.751427 0.566986
-0.768245 -0.631158 0.106951
-0.735511 -0.677451 0.0091944
0.987998 -0.137592 0.0702009
-0.72142 -0.661378 0.205262
-0.364715 0.704435 0.608896
-0.456289 0.428181 0.780039
-0.823708 -0.54535 0.155237
-0.667324 -0.680516 0.302618
-0.720488 0.69326 0.0169737
-0.166443 -0.395525 0.903248
0.270138 -0.0977065 0.957851
-0.18957 -0.492242 0.849565
0.295799 0.953242 0.0618999
-0.0369288 0.78849 0.613938
-0.790758 -0.504536 0.346618
-0.0269948 -0.691502 0.72187
-0.791494 0.472789 0.387308
0.101988 0.0482539 0.993615
-0.644795 -0.354115 0.677379
0.797519 0.602426 0.0323426
-0.461561 0.217746 0.85997
-0.264617 0.31491 0.911487
0.344922 -0.706818 0.617605
-0.842454 -0.239891 0.482414
-0.828738 0.27439 0.487753
-0.37909 -0.433975 0.817286
0.739926 0.209404 0.639264
-0.529652 0.837516 0.134299
-0.752021 0.038974 0.657986
0.538219 -0.593896 0.598003
0.371812 -0.622872 0.688322
0.9638 0.261606 0.0514902
0.290016 0.0240888 0.956719
-0.755916 -0.161198 0.634512
0.969709 -0.167734 0.177569
0.0527796 -0.304684 0.95099
-0.0682379 -0.449954 0.890441
-0.943071 0.328534 0.0517928
-0.159156 0.984541 0.0731308
0.483894 0.102656 0.869085
0.825846 -0.550257 0.123271
0.804199 0.547482 0.231362
0.0213534 0.844572 0.535016
0.511896 0.758068 0.404099
0.660644 -0.227632 0.715356
0.459517 -0.152381 0.875
0.418197 0.386444 0.822053
0.157115 0.578551 0.800371
-0.455222 0.326102 0.828511
-0.0845366 0.634399 0.76837
0.0357759 0.341061 0.93936
-0.20594 -0.0886586 0.97454
-0.859615 -0.0355286 0.509706
0.467708 -0.56354 0.680934
0.906653 0.0763372 0.414913
0.179747 0.98051 0.0793126
0.539704 -0.0819447 0.837857
0.587866 -0.686373 0.428142
-0.479805 0.876525 0.0386088
0.714174 -0.698245 0.0490787
0.186342 -0.62671 0.756645
0.671117 -0.72606 0.149792
-0.550474 -0.80893 0.206422
0.997066 0.0765055 0.00247861
-0.883148 -0.129157 0.450963
0.352611 0.780898 0.515619
-0.295844 0.662561 0.688106
-0.0502295 -0.766352 0.640454
0.315251 0.24476 0.916902
0.582709 -0.298799 0.755758
0.463286 -0.815911 0.345912
-0.921907 0.205972 0.328121
-0.116246 -0.993075 0.0170106
0.716785 0.418531 0.557719
0.319259 -0.781192 0.536482
-0.658596 0.532854 0.531336
0.738743 -0.521016 0.427554
0.865639 0.455739 0.207296
-0.399689 0.619868 0.675287
-0.436629 -0.757506 0.485324
0.895862 -0.225631 0.382781
-0.326863 -0.237335 0.914785
0.101705 -0.575606 0.811378
0.50717 0.316684 0.801555
0.114081 0.164179 0.979812
-0.930387 -0.096254 0.353717
-0.96386 -0.247472 0.0986531
-0.826292 0.488197 0.280901
-0.236396 -0.663261 0.710072
-0.252961 0.518922 0.816536
-0.969428 -0.168022 0.178825
-0.430926 0.889408 0.152498
0.203164 0.0948438 0.974541
0.845983 -0.479402 0.233423
-0.967603 0.230656 0.102675
0.0120026 0.929872 0.367687
0.436966 0.611386 0.659749
0.629522 -0.0422677 0.775832
0.645423 -0.435053 0.627819
-0.950568 0.221319 0.217805
-0.108651 0.923336 0.368301
-0.654071 0.751345 0.0875833
-0.626086 0.719113 0.301484
-0.939127 -0.272589 0.209129
0.164018 -0.710625 0.684186
-0.00733831 -0.976812 0.213975
0.484331 -0.860753 0.156613
0.290823 -0.581429 0.759844
0.892636 0.439837 0.0987176
0.24973 0.516544 0.819034
0.0358779 0.717747 0.695379
0.594746 0.242904 0.766339
-0.901956 0.418508 0.106429
0.0571627 -0.743039 0.666803
-0.430875 0.527389 0.732262
-0.918554 -0.394542 0.0243773
0.104361 -0.967903 0.228633
-0.271581 -0.416605 0.867574
0.224624 -0.429453 0.874708
0.303829 0.135414 0.943054
-0.406591 -0.520925 0.750547
-0.456301 -0.351457 0.817476
-0.486007 -0.440636 0.754743
0.00632648 0.982992 0.183539
-0.167698 0.875997 0.452225
0.905663 -0.423365 0.0231794
0.494148 -0.752228 0.435856
0.938868 -0.197171 0.282226
-0.106485 0.978062 0.179043
-0.219991 -0.201862 0.954388
