-0.102894 -0.923979 0.368342
-0.926659 -0.375817 0.00801289
0.155052 -0.883981 0.441063
0.708469 0.679577 0.190386
-0.412615 -0.593131 0.691335
-0.699328 0.383274 0.603358
-0.781306 -0.203282 0.590116
-0.265015 -0.956675 0.120582
0.376608 0.837774 0.395349
-0.380836 -0.0465379 0.923471
-0.0731958 0.981914 0.174604
0.785665 0.618092 0.0263321
-0.901235 -0.364965 0.233614
0.198598 0.978708 0.0518604
0.858711 -0.501798 0.103991
-0.828427 0.276129 0.4873
0.706266 -0.624226 0.333962
0.378433 0.398518 0.835447
-0.574983 -0.00330216 0.818158
0.79434 -0.280947 0.538602
0.169687 -0.109289 0.979419
-0.318581 -0.898191 0.302918
0.0331982 0.794785 0.605982
0.24807 -0.636165 0.730586
-0.845089 0.0886255 0.527229
0.399988 -0.278232 0.873268
0.402902 0.907834 0.116217
0.268902 0.460984 0.845686
-0.981966 -0.188963 0.00597945
0.565946 0.819926 0.0861751
-0.317657 0.948196 0.00435559
0.163301 0.689545 0.705592
0.322361 0.0364576 0.945914
0.218396 0.96039 0.173073
-0.367354 -0.926327 0.0834794
-0.0790791 -0.468511 0.879911
-0.290409 0.257821 0.921516
0.090874 0.995656 0.0202905
0.336772 -0.19743 0.920655
0.0321455 -0.99269 0.116336
-0.0770849 0.210308 0.974592
0.536098 -0.352252 0.767148
0.535374 -0.714544 0.450335
0.55089 -0.591587 0.588681
-0.981414 -0.0843218 0.172382
0.44771 0.839631 0.307531
-0.832979 -0.328463 0.445262
0.61145 -0.499512 0.613691
-0.135025 -0.832435 0.53742
0.179861 -0.923719 0.338222
-0.658745 -0.107337 0.744671
0.559043 -0.753787 0.345363
0.179539 0.603428 0.776943
-0.943422 0.0516136 0.327552
-0.012357 -0.387486 0.921793
-0.880267 0.474071 0.019668
0.378649 0.497313 0.78058
-0.393101 0.274843 0.877458
-0.957153 0.139181 0.253943
-0.663359 0.00551887 0.748281
-0.886294 -0.242794 0.394378
0.191446 0.314498 0.929752
-0.196542 -0.459307 0.866261
0.745532 -0.382624 0.545693
0.50018 -0.84652 0.182273
0.318953 -0.929376 0.18582
-0.568759 -0.61567 0.545403
0.843908 -0.491289 0.215531
-0.871116 -0.458049 0.177053
-0.877115 0.429232 0.215475
-0.264772 -0.695356 0.668114
-0.414899 -0.735303 0.535899
-0.770566 -0.0980098 0.62978
0.146693 0.517726 0.842876
-0.53941 0.813182 0.218568
0.548044 -0.156632 0.821653
0.64074 0.161225 0.750639
-0.181819 -0.982283 0.0454059
-0.256309 0.940863 0.221547
-0.768163 -0.407032 0.494218
-0.607036 -0.656799 0.447351
-0.743552 0.00460227 0.668663
0.631279 0.733035 0.253273
0.115382 0.834238 0.539198
0.478451 0.781884 0.399678
0.505259 0.711534 0.488296
-0.552689 0.55363 0.62292
0.221964 -0.389821 0.89374
0.864291 0.431781 0.258005
0.167921 -0.301303 0.938626
-0.703929 0.104887 0.702484
-0.644744 -0.682621 0.343997
0.0035269 0.287689 0.957717
-0.345319 -0.918194 0.194101
0.842961 0.118423 0.524779
-0.241086 -0.942818 0.230155
-0.461454 0.550796 0.695474
-0.154519 -0.707238 0.689883
0.490693 -0.677882 0.547445
-0.198511 -0.6256 0.754465
0.832644 -0.175467 0.525276
-0.817564 0.519294 0.248842
0.140796 0.766804 0.626249
0.279793 -0.105789 0.954214
-0.148735 0.955586 0.254426
0.571647 0.718019 0.397074
-0.244777 -0.823327 0.512071
-0.629241 0.470616 0.618527
0.0403784 -0.477252 0.877838
0.918456 -0.242389 0.312549
0.0732346 0.63986 0.764994
-0.557396 -0.468954 0.685122
-0.736733 0.200367 0.645816
-0.982325 0.117139 0.146001
-0.0165458 0.911854 0.410182
0.589443 -0.807735 0.0110182
-0.505584 0.862108 0.0339911
-0.899987 0.0690084 0.430419
-0.4758 0.867876 0.142851
-0.922485 0.326115 0.20657
-0.549332 0.702034 0.453191
0.157993 -0.478098 0.863979
0.947003 -0.321222 0.00145257
-0.28256 0.762078 0.582578
0.279519 0.14096 0.949737
-0.870418 -0.354309 0.341815
0.0706741 -0.711095 0.699535
-0.512071 0.794426 0.326603
0.225819 -0.974167 0.00204021
0.544154 0.780731 0.307173
-0.870834 0.175191 0.459299
-0.330593 0.0529225 0.942288
0.908533 -0.414527 0.052296
0.0381439 0.55506 0.830936
-0.583361 -0.759363 0.288196
-0.023107 0.390888 0.920148
0.332577 -0.381996 0.862248
0.0089403 -0.999942 0.00597363
0.479859 0.876449 0.0396439
-0.386979 -0.842891 0.373874
0.922168 -0.314292 0.225446
0.799373 -0.0919549 0.593756
-0.0472928 0.489573 0.870679
0.222999 0.800445 0.55638
-0.341418 0.454245 0.822858
-0.212398 -0.917428 0.336471
-0.486106 -0.80838 0.331998
-0.246743 -0.3633 0.898405
-0.187294 0.226762 0.955772
-0.457561 -0.324982 0.827662
-0.77435 -0.629259 0.0664452
0.954951 -0.0379505 0.294328
0.893429 0.448272 0.0289302
-0.0208226 -0.830516 0.556605
-0.779247 0.456158 0.42976
-0.116688 -0.191245 0.974582
-0.691944 -0.472716 0.545667
-0.653179 0.202113 0.729731
0.83032 0.417895 0.368692
-0.572377 0.812515 0.110477
0.379777 0.925052 0.00694842
-0.411357 -0.425792 0.805907
-0.775553 -0.5301 0.342799
0.896255 0.139252 0.421112
-0.806672 -0.542333 0.234851
0.246732 0.727919 0.639732
-0.354381 -0.34554 0.868917
-0.068932 -0.294795 0.953071
-0.539029 -0.834505 0.114229
-0.613632 0.38429 0.689766
0.385923 -0.0919668 0.917935
0.218624 -0.947166 0.234691
0.326942 -0.942157 0.0738218
-0.749124 0.608165 0.26258
-0.18008 0.823438 0.538072
-0.157749 0.760842 0.629472
0.471222 0.433729 0.768004
0.898671 -0.406571 0.164592
0 -8.78204e-18 1
-0.528247 0.0963937 0.843601
0.679706 -0.512648 0.524587
-0.928628 -0.155096 0.33704
-0.619646 0.105473 0.777763
0.737092 -0.675788 0.00228014
-0.710505 0.544392 0.445892
0.0757385 0.202769 0.976293
0.415972 -0.900137 0.129309
0.776016 0.0955034 0.623441
0.424091 -0.755496 0.499372
-0.993708 0.0101155 0.111544
0.788652 0.199682 0.581511
-0.781618 -0.306196 0.543431
-0.779422 0.0993403 0.618574
0.738477 -0.66445 0.11471
-0.209112 0.977308 0.0337789
-0.259753 0.530687 0.806783
-0.203336 -0.768076 0.607218
0.180722 0.0945402 0.97898
-0.0868048 -0.631464 0.770531
-0.05479 -0.0986313 0.993615
0.375012 0.185013 0.90837
0.301936 0.824207 0.47908
0.225608 -0.204944 0.952418
0.557589 0.352451 0.75158
0.49037 -0.0715261 0.868574
-0.884301 0.261082 0.387103
0.0650188 -0.785857 0.614981
0.00838462 0.858745 0.512334
0.997172 -0.0234352 0.0714038
0.405756 -0.881812 0.240352
-0.887475 -0.135574 0.440462
-0.768985 0.535182 0.349631
0.128422 -0.97647 0.173244
0.366068 0.591369 0.718524
0.00891046 0.995138 0.0980887
0.28489 0.251115 0.925083
-0.44454 -0.88252 0.153438
0.454807 -0.616516 0.642696
0.760784 -0.529598 0.375146
-0.709213 -0.704867 0.0134232
0.97367 -0.218491 0.0650312
-0.288133 0.950851 0.113407
0.843451 0.529746 0.0892215
0.0603999 0.459105 0.886327
-0.275487 -0.0668233 0.958979
-0.60849 -0.773137 0.178882
0.181749 -0.711548 0.678724
-0.311041 -0.756777 0.574928
0.0349284 0.977676 0.207193
-0.472538 -0.654604 0.590086
0.281166 0.554414 0.783307
0.426756 0.702838 0.56912
-0.378297 0.704693 0.600249
0.196523 0.862744 0.465888
0.653053 0.265636 0.709196
0.982322 -0.027193 0.185214
0.570712 0.244923 0.783773
0.223436 -0.00999555 0.974667
-0.535185 -0.107211 0.837904
-0.463999 -0.884833 0.0421413
-0.555423 -0.831564 0.0024552
-0.404199 0.912179 0.067476
-0.696713 -0.706245 0.12573
-0.420031 -0.868603 0.262875
-0.644699 -0.263425 0.717615
0.0518792 -0.299763 0.952602
0.425126 0.0132357 0.905037
-0.0634246 -0.882605 0.465816
-0.738504 -0.505133 0.446601
0.66903 -0.740363 0.0652759
-0.657797 -0.56775 0.494938
0.778908 -0.566155 0.269761
0.302095 0.949349 0.086464
0.597049 0.643878 0.478491
-0.45267 -0.776799 0.437805
-0.956702 -0.178306 0.230063
-0.118724 0.924013 0.363462
0.266347 0.644504 0.71671
-0.558217 0.630046 0.539848
-0.0344296 0.667141 0.744135
0.856894 -0.254539 0.448267
-0.0435931 0.104066 0.993615
0.798856 -0.58002 0.159395
0.915379 -0.0541752 0.398931
-0.460177 -0.499815 0.733772
0.465837 0.862358 0.198326
0.864123 -0.0703262 0.498343
-0.628354 -0.77498 0.0676484
0.354467 -0.627129 0.693587
0.40477 0.77514 0.485097
-0.633027 0.626127 0.455238
-0.138797 -0.547386 0.825291
-0.673423 -0.70052 0.236164
0.780576 0.609434 0.138893
0.389159 -0.852785 0.348301
0.717747 0.691872 0.0784324
0.929993 0.357505 0.0854564
-0.712024 -0.18164 0.678254
-0.994064 -0.0905851 0.060259
-0.55465 -0.295806 0.777728
-0.370896 -0.680069 0.63241
0.562054 0.803087 0.197854
-0.927274 0.243941 0.284
0.984644 -0.122438 0.124436
-0.595302 0.722313 0.351966
0.314986 -0.554277 0.770429
-0.350585 -0.806462 0.47614
0.557288 0.451362 0.696923
0.722278 -0.653626 0.226026
0.0494691 -0.875613 0.480473
-0.181394 0.972922 0.143247
-0.758132 -0.627261 0.178266
0.931471 0.0507818 0.360253
0.642482 -0.137836 0.753803
-0.947536 0.304062 0.0986021
-0.827446 -0.547706 0.123899
-0.026235 -0.555621 0.831022
-0.373203 0.910875 0.176143
0.789536 0.303217 0.533566
-0.357242 -0.520285 0.775681
-0.378476 0.626247 0.681594
-0.412401 0.838105 0.357079
0.280878 -0.295361 0.913165
0.967247 0.163368 0.19428
0.760898 0.598913 0.249676
-0.224043 0.0326646 0.974032
0.642836 0.753822 0.136064
-0.839838 -0.222141 0.495304
0.11207 -0.0130569 0.993615
-0.0046491 -0.205442 0.978658
0.83919 0.326668 0.434797
0.718883 0.180452 0.6713
0.0686909 0.091294 0.993452
-0.974805 0.0326373 0.22066
-0.731376 -0.61832 0.287696
-0.0518899 -0.980245 0.190861
-0.0739254 0.814289 0.575733
-0.0211926 -0.954768 0.296594
-0.883707 -0.463521 0.0648818
-0.814015 -0.0058933 0.580815
-0.670857 0.688743 0.274926
-0.512496 -0.565185 0.646463
-0.141333 0.686649 0.713119
-0.714054 0.678895 0.170964
0.575418 -0.782664 0.23734
0.624422 -0.674947 0.39312
-0.559966 0.197607 0.804605
-0.832922 0.443383 0.331137
-0.15493 0.512228 0.84476
0.828551 0.522586 0.201014
-0.212238 0.339272 0.916433
0.271959 -0.474084 0.837426
0.242538 0.928971 0.27962
0.322563 -0.772392 0.547141
0.116896 0.984638 0.129709
0.0902109 -0.956426 0.27769
0.576422 -0.429489 0.695181
0.887468 0.336766 0.314626
-0.975448 -0.18541 0.118847
-0.698991 -0.596918 0.393828
0.915465 0.348034 0.201981
-0.776115 0.374234 0.507538
-0.0982848 0.87294 0.477823
-0.591337 -0.189099 0.78394
-0.873271 -0.02535 0.486576
0.480125 0.224175 0.848072
0.0261105 -0.635989 0.771257
0.448577 -0.176246 0.876194
0.892581 0.244096 0.3791
-0.134049 -0.955089 0.264263
-0.105119 0.315184 0.943191
-0.54041 0.469982 0.697907
-0.442236 0.861191 0.250553
0.658444 0.669928 0.342998
0.619037 0.0540517 0.783499
0.820445 -0.433656 0.372575
-0.517394 -0.825693 0.224797
-0.695883 0.620542 0.361489
0.26472 -0.878534 0.39762
0.764911 -0.199074 0.612601
-0.181794 -0.278115 0.943188
0.903502 -0.166486 0.394926
0.644652 -0.708508 0.287124
-0.281871 0.82547 0.489027
-0.520043 0.380961 0.764476
-0.470719 0.631157 0.616494
0.38033 0.293466 0.877056
0.683755 -0.584219 0.437226
-0.227366 -0.175743 0.95782
-0.680183 0.294881 0.671115
0.885985 0.0345679 0.462424
0.753835 -0.0101069 0.656986
0.812915 -0.359901 0.457864
0.0872302 0.3582 0.929561
0.420082 -0.541799 0.728001
0.729573 0.583256 0.357122
0.0563175 0.722165 0.689425
0.104887 -0.391819 0.914044
-0.114004 0.015674 0.993357
-0.463282 0.772709 0.433925
-0.590082 0.293121 0.752252
-0.101749 0.992649 0.0655396
0.187589 0.205806 0.960445
-0.262451 0.142258 0.954401
0.0929121 -0.560771 0.822741
-0.718081 -0.285705 0.634612
-0.4306 0.0825048 0.898764
0.629574 -0.330095 0.70333
0.802173 -0.595202 0.0474603
0.167659 0.916451 0.363329
-0.438506 -0.137101 0.888209
0.436657 -0.370729 0.819689
0.701428 0.481997 0.52505
-0.249586 -0.538331 0.804926
-0.0752331 -0.99386 0.0811315
0.391903 -0.699104 0.598051
-0.31722 0.358586 0.877945
0.774322 0.404777 0.486396
-0.419578 0.372765 0.827648
0.240679 -0.832984 0.498208
-0.497619 -0.219927 0.839052
-0.154477 0.121488 0.980499
-0.340066 0.896729 0.283253
-0.852694 0.504676 0.134961
-0.237368 0.43782 0.867162
0.34642 0.889059 0.299279
-0.957092 -0.282591 0.0641688
0.348198 0.678653 0.646674
0.93324 0.250968 0.257055
-0.175243 -0.879331 0.442794
0.885219 0.441582 0.14626
0.935888 0.154857 0.316438
0.486176 -0.823022 0.293713
-0.998516 0.053933 0.0074872
0.617952 0.560262 0.551581
-0.0919493 -0.775287 0.624881
0.138001 -0.639964 0.755911
-0.548917 -0.737424 0.393568
0.287222 0.357996 0.88845
-0.279904 0.61643 0.735981
-0.363465 0.543256 0.756813
-0.919923 0.15757 0.359046
0.418278 -0.908167 0.0166099
-0.630509 0.752388 0.190711
-0.176418 0.60176 0.778949
-0.493001 0.287094 0.821296
-0.244725 0.701029 0.669827
-0.0695204 0.582285 0.810007
-0.307738 -0.610791 0.729542
-0.88531 0.345181 0.311571
0.709088 0.388677 0.588324
-0.511538 -0.398926 0.761043
-0.29121 -0.261712 0.920165
0.965326 0.0664928 0.252438
0.637773 0.372062 0.6744
-0.957852 -0.0616769 0.280562
-0.822183 0.56736 0.0460187
-0.0514086 0.745511 0.664507
0.55459 0.139235 0.820392
0.954839 0.261892 0.140336
0.327411 0.756612 0.565986
0.643208 0.765326 0.0236436
-0.834969 -0.550183 0.0111683
0.597469 -0.240902 0.764851
0.0901475 0.892477 0.441993
0.544744 0.546023 0.636485
0.32377 0.925853 0.194857
-0.159213 -0.97486 0.155881
0.668212 -0.40253 0.62567
-0.810116 -0.434975 0.393075
-0.807533 0.190621 0.558171
-0.514232 -0.700643 0.494637
0.684024 -0.224332 0.694108
-0.711693 0.465137 0.526441
0.988716 0.0719663 0.131386
-0.919284 -0.267128 0.289067
-0.605216 -0.368625 0.705571
0.273002 0.881671 0.384872
0.505475 -0.859999 0.0699714
0.848205 0.222362 0.480733
0.72689 0.283463 0.625523
-0.282594 -0.867411 0.409558
-0.396921 -0.24214 0.885337
-0.788313 0.594792 0.157431
0.992624 -0.120665 0.011724
0.348297 -0.822702 0.449277
-0.610283 0.792161 0.00597971
0.872758 -0.401451 0.277722
-0.836672 0.360382 0.412438
-0.47966 -0.017008 0.87729
-0.906189 0.408796 0.1082
0.129285 -0.989871 0.0586567
0.953403 -0.146699 0.263631
-0.977531 0.199324 0.0685839
-0.958525 0.223048 0.177427
-0.364101 0.172373 0.915269
0.802066 0.510363 0.310193
0.137041 0.958112 0.251477
0.72172 -0.303049 0.62232
0.959469 -0.219181 0.177142
0.518612 -0.52543 0.674511
0.217645 -0.775452 0.592709
0.675994 -0.0313493 0.73624
0.28972 -0.706444 0.645755
-0.759905 0.290397 0.581562
-0.131294 0.416333 0.899682
-0.919985 -0.372663 0.121447
0.0613703 0.940719 0.333588
-0.443935 0.464479 0.766278
0.460884 0.117391 0.879662
-0.0422844 -0.710173 0.702756
0.870426 -0.330044 0.36528
0.378289 -0.465499 0.80013
-0.166284 -0.0839238 0.9825
-0.606107 -0.523401 0.598904
0.50318 -0.260325 0.824039
-0.468126 0.705807 0.531691
-0.136031 -0.377762 0.915856
-0.286241 -0.95811 0.00959439
-0.944372 -0.277258 0.176891
0.598024 -0.631199 0.493918
0.17417 0.419243 0.891011
0.657409 -0.732355 0.177399
0.681041 0.57098 0.458437
0.701236 0.0753658 0.708935
0.962874 0.26893 0.0234548
-0.845735 -0.449929 0.286874
-0.040924 0.95667 0.288285
-0.308075 0.868671 0.387944
-0.669399 0.737956 0.085591
-0.335135 -0.157951 0.928836
0.46863 0.332607 0.818388
-0.225746 0.917387 0.327781
0.98206 0.171751 0.0778511
0.466586 -0.788809 0.400098
0.135335 -0.831309 0.539082
0.94212 -0.31523 0.114196
0.75806 -0.458985 0.463334
-0.678301 -0.390758 0.622267
-0.201086 0.879489 0.43135
0.589572 -0.0527034 0.805994
0.0574187 -0.111959 0.992053
-0.464521 0.187097 0.865572
0.206712 -0.559534 0.802615
0.724671 -0.117027 0.679085
0.224771 -0.967619 0.114854
-0.638163 0.550076 0.538669
0.528801 0.0327584 0.848113
-0.379392 0.772222 0.509642
0.0504723 -0.924238 0.378465
0.114259 -0.207456 0.971549
0.633795 0.46844 0.615523
0.825937 0.0136653 0.563597
0.996888 0.0765659 0.0187677
0.461181 0.530804 0.711027
-0.92156 -0.0426746 0.385884
0.527221 0.633162 0.566695
0.446184 0.620917 0.644502
-0.305893 -0.444051 0.842169
0.304438 -0.905589 0.295339
0.481132 -0.449885 0.752406
-0.834298 -0.117802 0.538581
-0.753262 0.654207 0.0678914
0.585549 -0.801133 0.123766
0.762585 0.493841 0.417834
-0.927866 0.372898 0.00326066
