0.755852 -0.649316 0.084121
-0.130331 0.990166 0.0508409
0.985393 -0.170171 0.00646776
-0.981581 0.175014 0.0766104
0.321521 -0.571512 0.754982
0.163933 0.957518 0.237246
0.805865 0.190596 0.560584
-0.967712 -0.154997 0.198768
-0.829879 -0.213672 0.515408
-0.903791 0.114648 0.412331
-0.349742 0.71775 0.602092
0.886869 0.384939 0.255511
0.376847 -0.788454 0.486134
0.958374 0.0435018 0.282181
-0.253237 -0.933468 0.253987
-0.425976 0.109668 0.898063
-2.77556e-17 2.25514e-17 1
0.829488 -0.16157 0.534644
0.885249 -0.380497 0.2675
-0.652381 -0.515804 0.555288
0.554001 0.306018 0.774232
0.134825 0.808587 0.572721
0.459913 0.885572 0.0651306
-0.277277 -0.204391 0.938798
-0.287108 -0.774427 0.563765
0.670879 -0.610297 0.421258
0.415899 -0.896015 0.155515
0.0379138 -0.875137 0.482387
-0.144106 0.312876 0.938798
-0.711033 0.0653646 0.700114
-0.626677 0.672897 0.393048
0.618602 -0.037666 0.784801
0.035608 -0.36079 0.931967
-0.581947 -0.251453 0.773375
-0.347811 -0.511116 0.785995
0.683938 0.51551 0.516216
0.612949 -0.390254 0.687019
0.441312 0.801188 0.404154
0.332148 0.0913017 0.938798
-0.735276 0.384277 0.558301
0.189613 0.407554 0.893279
-0.146672 0.908755 0.390707
-0.712033 -0.701516 0.0297448
-0.549994 -0.765881 0.333067
0.0776129 -0.985224 0.152677
-0.702577 0.709888 0.0494432
-0.840124 -0.474373 0.262988
0.366737 -0.254076 0.894958
0.394524 0.606014 0.690723
-0.0177249 -0.657037 0.75365
-0.068194 0.617221 0.783829
-0.856028 0.458638 0.238468
-0.432192 0.88146 0.190364
0.703882 0.679274 0.207692
-0.463262 0.434128 0.772607
