-0.836827 0.178766 0.517459
-0.894847 -0.439694 0.0769309
-0.843158 -0.34735 0.410405
-0.405653 0.910369 0.0816867
-0.164599 0.302598 0.938798
0.392716 -0.919197 0.0291634
-0.299609 -0.591196 0.748814
0.78654 0.580297 0.211211
0.941208 0.337721 0.00843643
0.853247 -0.468919 0.228221
-0.673415 0.713949 0.191808
-0.414264 -0.78762 0.456115
-0.421613 0.473059 0.7736
-0.606693 -0.529456 0.592958
-0.0940082 0.923618 0.371608
0.780477 0.0830478 0.619644
0.444367 -0.0398567 0.894958
-0.482554 -0.29765 0.823739
-0.740014 -0.12576 0.66073
0.533993 0.750811 0.388761
0.0428041 -0.573158 0.818326
0.499933 -0.789258 0.356565
0.053068 -0.998589 0.00195366
0.545697 0.278278 0.790428
-0.471571 -0.873376 0.121801
0.139242 0.790807 0.596016
-0.603489 0.17422 0.778106
-0.645833 0.559611 0.51936
-0.195331 0.718095 0.667971
0.665939 -0.235552 0.707842
0.896647 0.272178 0.349204
-0.152346 -0.308948 0.938798
-0.978132 0.205136 0.0343099
0.229581 0.256809 0.938798
-0.959479 -0.0450525 0.278157
-0.85998 0.429907 0.27498
0.690491 0.478333 0.542605
0.399888 0.584826 0.70574
-0.0827074 -0.809088 0.581838
-0.344459 0.00250757 0.938798
0.181655 -0.929845 0.319984
0.196545 -0.282892 0.938798
0.991097 0.0143698 0.132368
0.425322 -0.482919 0.765435
-0.697674 -0.659021 0.280966
0.683123 -0.727406 0.0649837
0.246434 0.92445 0.29097
-0.42075 0.806469 0.415424
0.569207 0.820804 0.047785
-5.55112e-17 -4.85723e-17 1
0.260916 -0.749124 0.608881
-0.0706088 0.997043 0.0303377
0.0635051 0.546692 0.834922
0.669737 -0.530474 0.519664
-0.164328 -0.948326 0.271428
0.894824 -0.173667 0.411254
