-0.46105 0.72339 0.513945
0.0780943 0.511294 0.85585
-0.317215 -0.134287 0.938798
1.38778e-17 0 1
-0.144776 0.987684 0.0593374
0.751797 0.509187 0.418962
0.238186 -0.971219 0.000130982
0.555959 -0.324418 0.765286
-0.116706 -0.993146 0.00638961
-0.590845 -0.743436 0.313378
-0.476033 -0.879344 0.0121289
-0.283382 -0.91003 0.302556
-0.820431 -0.479446 0.311487
-0.630458 -0.486056 0.605205
-0.159491 0.903184 0.398523
0.250788 -0.530005 0.810062
-0.696183 0.45035 0.55903
0.482167 0.713289 0.508659
0.276313 -0.205692 0.938798
0.999979 0.000964147 0.00646776
0.529151 0.018566 0.848325
-0.762796 0.115671 0.63621
-0.940967 -0.338166 0.0149826
-0.986195 -0.0247449 0.163729
-0.444833 0.873388 0.198284
0.261217 0.224552 0.938798
-0.618557 -0.175503 0.765889
-0.493365 0.156337 0.855657
-0.87109 -0.167541 0.461662
0.771403 -0.395088 0.498841
0.0640895 -0.950859 0.302917
-0.0699589 -0.656627 0.750964
-0.705885 0.653143 0.274101
0.415831 0.48763 0.76766
0.151091 0.812316 0.563306
0.480346 0.856384 0.189403
-0.900572 0.259646 0.348646
0.780866 -0.067401 0.621052
-0.417561 0.486328 0.767547
0.930986 0.350365 0.102512
-0.181984 0.292472 0.938798
-0.158325 0.707623 0.688624
0.513015 -0.623885 0.589562
-0.370597 -0.721927 0.584362
0.682398 0.280912 0.674849
0.403049 -0.864214 0.301141
0.936903 -0.14559 0.317831
0.892918 -0.433016 0.123267
-0.0379892 -0.359243 0.932471
-0.351946 -0.459785 0.815311
-0.758144 -0.651948 0.0134462
0.150171 0.957791 0.245123
-0.890979 0.450619 0.0556597
0.892141 0.188821 0.410405
0.689501 -0.663648 0.290103
0.752397 0.651195 0.0992171
0.20471 -0.788952 0.579352
