0.798461 -0.15559 0.581595
-0.397203 -0.917597 0.0156955
-0.412099 0.645969 0.642571
0.591607 0.0210789 0.805951
-0.0496231 -0.639462 0.76722
-0.821217 -0.266868 0.504366
0.17295 0.795342 0.580964
0.900226 -0.321235 0.29394
0.271075 -0.514715 0.81338
-0.332626 0.38716 0.859923
-0.00226291 -0.34191 0.93973
-5.55112e-17 -2.77556e-17 1
-0.789132 -0.540079 0.29255
-0.948601 -0.00418898 0.316448
-0.0597556 -0.99821 0.00262478
-0.63568 0.381868 0.670886
0.210096 -0.782284 0.586423
-0.610158 -0.528951 0.589845
0.885197 0.362258 0.291881
-0.672071 0.613424 0.414767
-0.307366 -0.149779 0.93973
0.121518 -0.947916 0.29443
0.792135 0.191535 0.579514
0.857332 -0.514688 0.00885039
0.592334 0.805686 0.00318803
0.489916 0.653729 0.576732
-0.703288 -0.7109 0.00273823
-0.349179 -0.469482 0.810963
0.696135 0.653402 0.297424
0.448789 -0.834521 0.319629
0.99148 -0.129852 0.0102606
0.29851 -0.166731 0.93973
0.947353 0.0217931 0.319447
0.5166 -0.619276 0.591288
0.252107 0.54029 0.802826
0.546018 0.361577 0.755729
0.0818811 0.954655 0.286234
-0.786424 0.0744822 0.61318
-0.223976 -0.921753 0.316553
0.32612 -0.945226 0.0139477
-0.251138 0.949479 0.188198
-0.965394 0.253401 0.0616624
-0.162577 0.846119 0.507594
-0.863424 0.325192 0.385681
0.00222196 0.34191 0.93973
0.556061 -0.321994 0.766235
-0.0862262 0.63196 0.77019
0.721614 -0.618461 0.311095
0.629659 -0.776705 0.0160644
-0.527832 0.100523 0.843379
-0.597769 -0.231012 0.767663
0.281158 0.95966 0.00197445
-0.331761 -0.736398 0.589621
-0.818453 0.565143 0.10367
0.415031 0.85701 0.305423
0.30941 0.180234 0.933692
-0.54238 -0.784154 0.30154
-0.566774 0.810307 0.148892
