0.0398454 -0.8117 0.582714
0.636256 -0.0365949 0.770609
0.223934 0.7564 0.614583
-0.166242 -0.931693 0.322972
-0.883383 -0.468491 0.0122809
0.247848 -0.598866 0.761532
0.368453 -0.929646 0.000531104
0.736122 0.536288 0.41294
-0.655589 0.472762 0.588812
0.33474 -0.0696872 0.93973
-0.962981 0.269397 0.00958433
-0.0863741 0.330828 0.93973
-0.858794 0.403241 0.316022
0.670854 -0.741583 0.00318489
-0.425587 -0.481159 0.766396
-0.107323 0.631699 0.767749
-0.656655 0.685512 0.314447
0.979648 0.0651557 0.189854
0.90515 0.400809 0.141619
0.185605 0.930253 0.316512
0.499331 0.551781 0.667987
0.883984 -0.467515 0.00179823
-0.23459 -0.248747 0.93973
0.439326 0.895722 0.0683734
-0.302032 -0.75134 0.58674
0.486226 -0.349532 0.800882
-0.396422 0.703786 0.589521
-0.331257 0.0847132 0.93973
-0.808948 -0.0497068 0.585774
-0.750399 -0.582742 0.311951
-0.709243 -0.382205 0.592363
-0.617604 0.176829 0.766353
0.760408 -0.57101 0.309398
0.715485 0.276017 0.641791
0.103314 -0.328494 0.938839
-0.370902 0.881461 0.292334
-0.0957406 -0.581152 0.808144
0.502151 -0.811656 0.298429
0.716788 0.689772 0.102121
-0.669919 -0.742296 0.0142845
0.203276 0.496527 0.843884
-0.0971386 0.857897 0.504556
-0.492805 -0.815376 0.303818
-0.990237 -0.138207 0.0181732
-0.812773 0.582162 0.0220676
0.922394 -0.264898 0.281103
0.861453 -0.00905818 0.507757
0.489113 0.779339 0.391663
-0.557169 -0.162397 0.814365
0.179443 -0.939538 0.291664
0.542354 -0.60974 0.577988
0.748772 -0.3306 0.574495
-0.953368 0.069935 0.293595
-0.561918 0.827177 0.00510478
-0.904821 -0.272172 0.327445
0.446358 0.249125 0.859478
-0.337516 -0.94111 0.0198876
-0.390955 0.436092 0.810542
0 -2.77556e-17 1
