-0.708518 0.705427 0.0193676
0.392131 -0.835548 0.384829
0.65075 0.312069 0.692197
-0.58816 -0.800324 0.116403
0.608755 -0.783133 0.126966
0.78322 -0.320768 0.532611
0.262864 0.763804 0.589496
0.582403 -0.210802 0.785092
-0.150695 0.330175 0.931813
-0.574682 0.579979 0.577377
-0.475892 -0.557762 0.680021
0.712614 0.671343 0.203665
-0.629834 0.0138814 0.776606
0.280988 -0.183952 0.941917
0.943404 -0.218129 0.249818
0.186198 0.279505 0.941917
-0.718065 -0.579663 0.385192
0.810183 0.418542 0.410398
0.0869518 -0.953333 0.289129
-0.244149 -0.947056 0.208511
-0.718131 -0.327215 0.614181
-0.996798 0.0783216 0.0161348
-0.22988 0.921977 0.311632
0.463421 -0.528001 0.711657
-0.449681 -0.265205 0.852908
-0.0757146 0.802886 0.591304
0.570573 0.633209 0.522965
-0.284508 0.58963 0.755905
0.650982 -0.620212 0.437675
0.256275 0.966091 0.0314835
-0.747167 0.286852 0.599547
0.321612 -0.945937 0.0420538
0.99987 0.0144287 0.00713519
0.925724 0.366324 0.0940282
0.181242 -0.748401 0.638003
-0.825161 -0.561469 0.0621355
-0.484499 0.319871 0.814213
0.437006 0.849412 0.295847
-0.852508 -0.0278721 0.521971
0.0511172 0.578367 0.814174
0.155264 -0.489458 0.858093
-0.8992 -0.298407 0.319989
-5.55112e-17 -5.55112e-17 1
-0.082716 0.996483 0.0133741
-0.153515 -0.609395 0.777863
0.938062 0.113744 0.327264
0.466127 0.095336 0.879566
0.788271 0.0098549 0.61525
0.38137 0.503694 0.775144
-0.912063 0.409546 0.0203273
-0.124037 -0.312102 0.941917
-0.414348 0.909992 0.0151615
-0.541172 0.783302 0.305894
-0.449096 -0.784746 0.427184
0.109715 0.934871 0.337607
-0.921746 0.231064 0.311437
-0.128123 -0.839628 0.527834
0.832671 -0.528879 0.164153
-0.781591 0.541737 0.30925
-0.33315 0.04247 0.941917
