0.622157 0.522423 0.583091
-0.809 -0.171392 0.562266
0.739168 -0.31835 0.593535
-0.231205 -0.914584 0.331784
-5.55112e-17 0 1
-0.209207 0.782303 0.586715
-0.264988 0.524151 0.80935
-0.792787 0.172942 0.584449
0.466303 -0.435513 0.769994
0.433517 0.901061 0.012332
-0.989958 -0.140679 0.0138595
0.108454 -0.95321 0.282185
0.160494 -0.595197 0.787389
-0.845047 0.534571 0.011357
-0.514643 0.621028 0.591158
0.585689 -0.62964 0.510413
-0.413184 0.853869 0.316522
0.820487 -0.485238 0.302234
0.267707 -0.209986 0.94034
0.344618 0.727843 0.592861
-0.879179 0.362688 0.309034
-0.0805297 0.946803 0.311575
0.263207 0.912679 0.312632
-0.704401 -0.496048 0.507696
-0.527584 -0.358011 0.770378
-0.978685 0.204533 0.0185071
0.596036 0.232235 0.76864
-0.546453 0.327664 0.770731
0.101086 0.994699 0.0188461
-0.260096 -0.576535 0.774569
0.46117 -0.853137 0.243884
-0.578478 0.815548 0.0156403
0.941525 -0.336615 0.0148638
-0.694704 0.654534 0.298282
-0.948946 0.024423 0.314492
0.930415 0.185295 0.316218
0.313417 0.132404 0.94034
0.9366 -0.160048 0.311715
0.999764 0.0113532 0.0185383
0.709661 -0.702204 0.0573587
0.0428108 0.347068 0.936862
0.28388 -0.795889 0.534764
-0.439534 -0.896425 0.0568482
0.809752 0.508157 0.293392
0.714039 0.699748 0.0223713
-0.603104 -0.0220213 0.797359
-0.110378 -0.993727 0.0180046
0.0551439 0.645022 0.762171
0.572513 -0.109584 0.812539
-0.892285 -0.381495 0.24143
-0.0546057 -0.795365 0.603666
0.568832 0.752785 0.331277
0.805048 0.0207365 0.592847
-0.446355 -0.725072 0.52444
0.344478 0.464171 0.816015
0.936335 0.350864 0.0131134
-0.271848 0.204596 0.94034
-0.266443 0.963623 0.0209308
-0.31102 -0.138603 0.940242
-0.0443132 -0.357991 0.932673
-0.665508 -0.707621 0.237428
