0.539174 -0.716261 0.443014
-0.271247 0.444341 0.853807
-0.162716 0.712963 0.682061
0.446734 -0.539012 0.714069
0.151648 0.625428 0.765404
-0.557804 0.280443 0.781157
0.124906 -0.613427 0.779812
-0.120579 0.983589 0.134212
-0.0987542 -0.792091 0.602362
0.980549 0.104909 0.165887
0.538003 0.581949 0.609826
-0.308827 0.121828 0.943283
-0.826458 -0.44134 0.349551
0.0547166 -0.327448 0.943283
0.698893 -0.330073 0.634508
-0.345436 0.848047 0.401858
-0.918664 0.215576 0.331034
-0.412041 -0.669465 0.618093
-0.498574 0.860806 0.10216
-0.566254 -0.058431 0.822157
0.615935 -0.0409753 0.786731
0.229672 -0.815357 0.531455
-0.212093 -0.975242 0.0626043
-0.997702 0.0340103 0.0586008
0.298988 0.801013 0.518637
-0.737539 0.416985 0.531188
0.93811 -0.215871 0.27083
0.0021911 -0.947106 0.320913
0.8425 -0.0339096 0.537629
0.324725 0.0690659 0.943283
0.859817 0.283021 0.424987
-0.753961 -0.241618 0.610871
0.888357 -0.45729 0.0413195
0.660517 0.280427 0.696476
-0.477888 0.602049 0.639656
0.120195 -0.992712 0.00877825
-0.757628 0.651337 0.0419539
0.37977 -0.258606 0.888199
-0.324177 -0.87298 0.364439
0.51078 0.820251 0.257472
0.639873 -0.758346 0.12439
-0.498373 -0.385171 0.776703
-0.616135 -0.704378 0.352462
0.737385 0.584594 0.338399
0.209168 0.957689 0.197688
-0.950278 -0.30386 0.0681244
-0.261538 -0.211631 0.941706
-0.0146226 0.896926 0.441939
0.90111 0.423737 0.0919186
0.356202 -0.905025 0.232485
-0.779508 -0.62252 0.0695461
-0.929016 -0.120537 0.349858
-0.195456 -0.522413 0.829989
-0.78331 0.0938795 0.614501
-0.931419 0.362838 0.0284058
-0.636379 0.685174 0.354343
0.7861 -0.503216 0.358916
0.0539812 0.349426 0.935408
2.77556e-17 6.93889e-18 1
0.716951 0.696792 0.0214963
-0.524405 -0.849169 0.062541
0.375963 0.386255 0.842294
