-0.438676 0.0255799 0.898281
-0.477705 0.878178 0.0245237
-0.502 -0.35904 0.78682
-0.319445 -0.886651 0.334373
-0.178968 0.959977 0.21544
0.241752 -0.812079 0.531116
-0.590063 -0.7002 0.401927
-0.891917 -0.0335753 0.450951
-0.704642 0.686294 0.180221
0.708863 -0.35149 0.611529
-0.828926 0.42997 0.357781
0.992283 -0.103518 0.0682539
-0.965858 0.170462 0.195093
-0.783778 -0.603746 0.145543
-0.316761 0.61201 0.724642
-0.121207 -0.533239 0.837236
0.3707 0.533278 0.760392
0.349522 -0.0503625 0.935574
0.659455 -0.0499546 0.750082
-0.54809 -0.832773 0.0780173
0.409468 -0.911508 0.0385852
0.688546 -0.722968 0.0567661
0.901918 -0.42662 0.0673784
0.104521 0.993749 0.0392158
-0.162976 0.834586 0.526218
-0.992773 -0.117403 0.0248845
-6.93889e-18 8.76035e-17 1
-0.727501 -0.416782 0.545009
-0.203629 0.260633 0.943719
0.205114 -0.588379 0.782137
0.13014 -0.304069 0.943719
-0.75608 0.226184 0.614153
0.63066 0.548655 0.548859
0.0866501 -0.996229 0.0043414
0.969781 0.231079 0.0782773
0.496214 -0.610938 0.616868
-0.905746 -0.320392 0.277439
-0.498924 0.339787 0.797257
-0.450454 0.819664 0.353895
-0.598856 0.587043 0.54475
0.499253 0.232422 0.834701
0.135387 0.746294 0.651702
-0.232542 -0.235199 0.943719
-0.0185267 0.524679 0.851099
0.51257 -0.790934 0.334209
0.118777 0.922688 0.366796
0.408492 0.900765 0.147503
0.40978 0.78607 0.462789
0.0108793 -0.944919 0.327123
-0.382964 -0.646053 0.660268
-0.891424 0.452248 0.0289048
0.75491 -0.556733 0.346641
0.75144 0.242427 0.613651
0.660358 0.706569 0.254337
-0.0838444 -0.788977 0.608675
-0.24748 -0.968742 0.0171283
0.923492 0.0813061 0.374903
0.440946 -0.353617 0.824937
0.900318 -0.252761 0.354315
0.184739 0.274346 0.943719
-0.693234 -0.0929788 0.714689
0.842678 0.537636 0.0289871
0.849054 0.406319 0.337657
