0.0214115 -0.330054 0.943719
0.625336 -0.37751 0.682965
0.793798 0.508266 0.333991
-0.278146 -0.178967 0.943719
-0.881421 -0.472085 0.0152252
0.301986 0.134902 0.943719
-0.768178 -0.116765 0.629499
0.353717 0.443776 0.823375
0.0286861 0.329502 0.943719
-0.86754 0.3842 0.315855
-0.740207 -0.431208 0.5159
-0.444068 -0.895441 0.0314441
-0.274131 0.185059 0.943719
0.446645 0.891579 0.074808
-0.176125 -0.754342 0.632414
0.81063 0.239635 0.53428
-0.123048 -0.99221 0.0194658
-0.4816 -0.615898 0.623483
-0.997381 -0.0667637 0.0278043
0.611554 0.4972 0.615463
0.162532 -0.967483 0.193806
0.994457 0.0954463 0.0440984
0.421173 -0.832649 0.359597
-0.533853 -0.324277 0.780926
-0.494562 0.620869 0.608219
0.0969092 0.992382 0.0760709
-0.396368 0.83974 0.37112
-0.237993 0.968863 0.0682889
0.260232 0.89844 0.353672
0.0902127 -0.616112 0.782476
0.133263 -0.836314 0.531808
0.907366 0.419188 0.0311227
-0.2493 -0.494283 0.832787
0.657541 -0.609561 0.442804
0.840713 -0.328537 0.430425
0.446472 -0.894268 0.0307737
-0.132476 -0.927861 0.348604
-0.718311 -0.64978 0.248628
0.765819 -0.0760929 0.638538
-0.963673 0.266739 0.0136019
0.934713 -0.0154118 0.355069
-0.073684 0.930694 0.358302
0.509897 -0.112248 0.852881
0.336725 -0.399604 0.852604
0.0713245 0.61999 0.781361
-0.526397 0.335258 0.78135
-0.821146 0.56932 0.0399205
-0.449493 -0.818433 0.357944
4.16334e-17 0 1
0.966877 -0.233796 0.102412
0.587379 0.206512 0.782521
-0.676098 0.65942 0.328719
0.717369 0.693654 0.0650079
-0.776462 0.21651 0.591802
-0.920136 -0.271989 0.281729
-0.550702 0.831968 0.067498
0.393164 -0.656251 0.644016
0.560056 0.747906 0.356334
-0.937188 0.057224 0.344099
0.349566 0.707055 0.614717
-0.23826 0.500344 0.832399
-0.539276 0.00555458 0.842111
-0.189302 0.759334 0.622556
0.82958 -0.533452 0.165005
