-0.306143 -0.925829 0.221624
0.218283 0.975668 0.0205775
-0.477763 0.25524 0.840592
0.787672 0.133601 0.601434
0.46591 0.698407 0.543283
0.945313 0.0490642 0.322453
0.152726 0.758622 0.633378
0.531724 0.841576 0.094973
0.182884 0.270861 0.945086
-0.497148 -0.5785 0.64667
-0.850592 0.511131 0.123441
-0.176751 0.777723 0.603246
0.855145 0.364626 0.368477
0.819075 -0.461288 0.341071
-0.93327 -0.358457 0.022705
0.625952 -0.103267 0.772995
-0.621451 -0.0376967 0.782546
-0.445914 -0.313165 0.838503
-0.197406 -0.583237 0.78795
-0.736493 0.235391 0.634168
-5.55112e-17 2.25514e-17 1
-0.567072 -0.822415 0.0454165
0.47509 -0.863371 0.169938
0.0179694 0.539193 0.841991
0.298912 -0.841631 0.449788
0.325599 -0.0282377 0.945086
0.735113 -0.670768 0.0983859
0.403548 -0.336272 0.850923
-0.0133333 -0.925916 0.377493
0.830168 -0.186175 0.525509
-0.164444 0.282436 0.945086
0.817311 0.576112 0.00985543
-0.705182 -0.320933 0.632234
-0.130337 0.990415 0.0457125
-0.0239408 0.934716 0.354589
-0.776317 -0.603896 0.18067
0.590481 -0.686061 0.425033
0.115733 -0.500406 0.858021
0.652096 0.435391 0.620649
-0.978519 -0.0591107 0.1975
-0.132449 -0.29878 0.945086
-0.909997 0.229475 0.34532
0.366694 0.496604 0.786715
0.524868 0.207964 0.825387
0.915447 -0.401341 0.029709
0.996551 -0.080119 0.0215977
0.372295 -0.623087 0.687866
-0.974898 0.221711 0.0204277
-0.326018 -0.023125 0.945081
0.303993 0.893683 0.330028
-0.546836 -0.751752 0.368565
-0.488296 0.679152 0.548014
-0.308708 0.535077 0.786379
0.961775 0.264444 0.0711203
-0.268716 -0.795274 0.543444
-0.745834 0.502128 0.437721
-0.87528 -0.335626 0.348195
-0.445406 0.895303 0.00681606
-0.0292762 -0.998088 0.0544378
-0.349218 0.879409 0.323554
0.639294 -0.434106 0.634709
-0.634042 0.738426 0.229602
-0.855714 -0.049951 0.515032
0.695268 0.648811 0.309268
0.0522599 -0.754933 0.653716
