0.611112 0.573243 0.545834
-0.772162 0.491143 0.403168
0.965332 0.090546 0.244819
-0.0933029 -0.922271 0.375114
-0.929399 0.329882 0.165517
0.740266 -0.282958 0.60987
0.841121 0.333511 0.425778
0.404444 0.46874 0.785307
-0.556344 -0.828859 0.0589394
0.0738332 -0.778212 0.623646
-0.114051 0.311215 0.943471
0.916011 0.385407 0.111287
0.233294 -0.901126 0.365439
0.624828 -0.0282984 0.78025
-0.303756 0.798359 0.519956
0.987895 -0.152778 0.026895
-0.37669 -0.481538 0.791344
0.209117 0.258594 0.94308
-0.556447 0.830882 0.00128052
0.0672019 -0.992856 0.0985957
-0.318241 0.0552775 0.946397
0.76709 -0.515899 0.381342
-0.783019 0.614485 0.0963785
0.41714 -0.903914 0.0945162
-0.794921 -0.605305 0.0413035
0.913782 -0.226525 0.337177
0.0895004 0.543449 0.834657
0.884833 -0.458776 0.0812087
-0.197118 -0.255886 0.946397
-0.701393 -0.344072 0.624229
-0.739889 -0.0225004 0.672353
0 -3.46945e-18 1
0.549146 -0.558161 0.622009
-0.510918 -0.186735 0.839103
-0.583826 0.745918 0.320552
-0.258568 -0.962056 0.0871257
0.470379 -0.313534 0.824888
-0.326619 0.919953 0.216808
0.483194 0.812816 0.325352
0.660304 0.285707 0.694528
0.319149 -0.0497703 0.946397
-0.88554 0.15411 0.438257
-0.421993 0.34625 0.837874
0.174659 0.909994 0.37604
-0.40979 -0.841758 0.351449
0.59429 0.804061 0.0174765
0.688233 -0.720588 0.0841859
0.740089 0.624595 0.249297
-0.891106 -0.172737 0.419634
-0.936404 -0.324678 0.133158
-0.691173 0.300918 0.657061
-0.535537 0.584968 0.609109
-0.0143467 0.992462 0.121713
-0.783109 -0.510884 0.354595
0.26381 -0.56401 0.782494
0.00585729 0.780615 0.624984
0.328242 0.728563 0.60121
0.125158 -0.31349 0.941307
-0.0605078 -0.558683 0.827171
-0.986521 0.0074856 0.163465
0.530484 -0.763727 0.367842
-0.25085 -0.73622 0.628533
-0.226181 0.599193 0.767991
0.841591 0.0203903 0.53973
0.30474 0.950447 0.0615086
-0.54975 -0.625538 0.553604
