0.0530387 0.361649 0.930804
-0.778922 0.622272 0.0778272
-0.985281 -0.141731 0.0955732
0.827993 0.559425 0.0383477
0.767971 -0.064984 0.63718
-0.777303 0.206213 0.594371
-0.325896 0.892661 0.311363
-0.815306 0.442916 0.372963
-0.471224 -0.633597 0.613599
-0.611698 0.485802 0.624357
0.118922 -0.558735 0.820775
-5.55112e-17 -5.55112e-17 1
-0.386073 0.717355 0.579956
0.523077 -0.133817 0.841715
-0.535703 0.230171 0.812431
0.765309 0.535131 0.357683
0.674746 -0.737893 0.0152069
0.72013 -0.589399 0.36609
-0.680471 -0.636434 0.363195
0.938118 0.291009 0.187746
-0.879139 -0.350934 0.322427
-0.238625 0.216142 0.946753
-0.0871291 -0.309948 0.946753
-0.536894 0.840934 0.0676342
0.197936 -0.932279 0.302781
0.155315 -0.789864 0.59329
-0.419946 -0.832937 0.360363
0.309333 0.0892864 0.946753
-0.169665 -0.805382 0.567956
0.59319 0.496991 0.633345
-0.459626 -0.367667 0.808434
0.520441 0.739325 0.427247
0.801095 0.264715 0.536817
0.502668 -0.817611 0.280779
-0.33339 -0.0960049 0.937888
-0.317924 -0.948001 0.0147991
-0.597511 -0.796912 0.0889463
0.461108 -0.677788 0.572698
0.60675 0.786373 0.116069
0.318565 0.938627 0.132272
-0.619158 -0.0837212 0.78079
0.222295 0.871656 0.436807
0.0586856 -0.998162 0.015095
-0.288445 0.508758 0.81115
-0.699937 -0.401986 0.590335
0.317975 0.667808 0.672997
-0.93721 0.337129 0.0893381
0.601175 0.176828 0.779308
0.228453 -0.226867 0.946753
-0.0174688 0.970884 0.238913
0.00691586 0.640597 0.767846
0.376666 -0.926349 7.64323e-05
-0.618733 0.702526 0.351606
0.868488 -0.486974 0.0926553
-0.835711 -0.109877 0.538065
0.880707 -0.304424 0.362879
-0.823513 -0.56169 0.0795645
0.98708 -0.136088 0.0845809
-0.944837 0.0989134 0.31225
-0.0889833 0.842999 0.530505
0.689483 -0.381029 0.615979
0.930236 0.0181097 0.366514
-0.24392 0.969787 0.00393836
-0.126979 -0.951736 0.27942
-0.205991 -0.572472 0.793627
0.36581 0.393612 0.843358
0.42164 -0.440105 0.792797
