0.175021 -0.944606 0.277645
0.585401 -0.353676 0.729533
0.561912 0.509358 0.651774
0.299418 0.46131 0.83519
-0.483165 -0.608451 0.629555
-0.142214 -0.929337 0.340747
0.774936 0.281019 0.56613
-0.943508 -0.0457924 0.328169
-0.9953 0.0889398 0.0383112
0.347677 0.869793 0.350115
0.0765926 -0.593206 0.801399
0.64297 -0.577663 0.502886
0.310091 0.711783 0.630245
-0.179166 0.983793 0.00706106
-0.720518 -0.396755 0.568718
0.0583396 0.86579 0.496995
0.479236 -0.0838506 0.873672
-0.209164 0.922768 0.323651
0 0 1
0.0285609 0.628929 0.776938
-0.766831 0.240002 0.595289
0.948429 -0.227692 0.220543
-0.972517 -0.232682 0.00841941
-0.222064 0.755865 0.615919
0.300878 -0.35385 0.885586
0.820527 0.56724 0.0705294
0.992527 0.0696653 0.100183
-0.899059 0.437 0.0269025
-0.263428 0.18086 0.947574
0.904069 0.328789 0.27305
0.116992 -0.8144 0.568389
-0.237944 -0.51883 0.821096
-0.885154 -0.362244 0.292029
0.4136 -0.797295 0.439609
-0.521766 0.304838 0.796764
0.818432 -0.523854 0.236108
-0.559351 -0.0151844 0.828792
-0.0394491 -0.998377 0.0410777
0.734946 -0.0215372 0.677783
0.55852 0.221204 0.799452
0.911002 0.0313414 0.41121
-0.702464 -0.625258 0.339997
-0.845933 -0.532926 0.0196649
0.0850412 0.977277 0.194157
-0.494838 0.781282 0.38044
-0.737297 0.518611 0.432938
-0.286178 -0.14215 0.947574
-0.720426 0.676903 0.15096
-0.788168 -0.0827752 0.609869
-0.441358 -0.812237 0.38141
-0.199737 -0.764196 0.613277
-0.477589 0.875695 0.0711803
0.35342 0.935293 0.0179107
0.277502 0.15842 0.947574
-0.632027 -0.772591 0.0603818
-0.497174 0.586679 0.639239
-0.351806 -0.931348 0.093928
0.612366 -0.768476 0.185612
0.378186 -0.925358 0.0262364
-0.91076 0.275689 0.307428
-0.0150468 -0.319183 0.947574
-0.257614 0.488447 0.833699
-0.501742 -0.332395 0.798604
0.812123 -0.286456 0.508329
0.598909 0.783662 0.164867
0.0143915 0.346913 0.937787
0.383286 -0.60471 0.698153
0.724029 0.575986 0.379503
