-0.792781 0.519685 0.318473
0.532245 -0.625794 0.570173
0.945643 -0.103272 0.308375
-2.77556e-17 -6.93889e-18 1
0.758618 0.531913 0.376253
-0.472122 -0.292261 0.831676
-0.827903 -0.548134 0.11885
0.714415 -0.361176 0.599302
0.58315 -0.812332 0.00719702
0.428043 0.359637 0.82912
-0.31645 -0.0347762 0.947972
-0.927343 0.373743 0.0187632
0.855096 -0.412837 0.313651
0.529655 0.609603 0.589787
-0.261781 0.951779 0.159962
0.518594 0.855017 0.00237891
-0.647317 -0.674954 0.354142
-0.547911 0.81049 0.207121
-0.0479109 0.532989 0.844765
-0.925074 0.225773 0.305393
-0.588759 0.0636684 0.805797
-0.501732 -0.855239 0.129734
0.803433 -0.0511833 0.593191
0.553244 0.772288 0.312237
-0.018113 -0.994928 0.0989503
0.344344 -0.495271 0.79758
0.248663 0.615212 0.748119
0.404601 -0.838805 0.364285
-0.0837327 -0.776907 0.624023
0.0293042 -0.556308 0.830459
-0.322093 0.630892 0.705855
0.675592 -0.679451 0.28622
-0.293808 0.83787 0.460056
0.522656 -0.227533 0.82162
-0.24484 -0.91704 0.314786
0.811406 -0.584405 0.00949288
-0.184379 0.259527 0.947972
0.959241 -0.279913 0.0388016
-0.596255 -0.505376 0.623758
0.700621 0.33874 0.628002
-0.93009 -0.110118 0.350438
0.995872 0.0780457 0.0463486
-0.816637 -0.406141 0.410066
-0.00493763 0.935078 0.354409
0.293821 0.815217 0.49909
-0.997481 0.0595079 0.0386161
0.0918589 -0.915528 0.391625
-0.148402 -0.309981 0.939089
0.237253 -0.744892 0.623576
0.279084 0.938883 0.201522
-0.00798432 0.773589 0.633638
0.756321 0.649773 0.0759857
-0.699368 0.390281 0.598803
0.890908 0.198436 0.408542
0.915506 0.376822 0.140903
-0.393739 -0.742667 0.541678
0.0337753 0.999429 0.000985885
0.17135 -0.268308 0.947972
-0.727846 -0.212223 0.652075
-0.289459 -0.553281 0.781085
-0.562876 0.66297 0.493601
-0.45955 0.359168 0.812289
0.300802 -0.950329 0.0799524
-0.75996 0.649489 0.0249924
-0.813019 0.0892988 0.575348
0.595781 0.0858004 0.798551
0.31778 0.0191201 0.947972
0.136995 0.287371 0.947972
-0.963294 -0.260019 0.0667409
