0.60757 -0.549033 0.573953
-0.716041 0.669464 0.197746
0.193553 -0.28183 0.939739
-0.317855 -0.0366783 0.94743
-0.273755 -0.751142 0.600703
-0.185341 0.932195 0.310905
0.918395 -0.148534 0.366726
-0.789068 -0.0178544 0.614046
0.769566 0.361736 0.526227
0.957279 0.28759 0.030135
0.313312 0.0121351 0.949573
-0.542644 -0.582231 0.605429
-0.75377 0.296543 0.586424
-0.735216 -0.330057 0.592046
0 2.77556e-17 1
-0.293259 0.278242 0.914648
-0.478115 -0.876233 0.0601784
-0.993509 -0.084645 0.0759993
-0.568679 0.161768 0.806496
-0.152039 0.547485 0.822888
-0.859072 0.408444 0.308495
-0.12381 -0.288068 0.949573
-0.177955 -0.983277 0.0387017
0.217162 0.972072 0.0889713
0.600676 -0.734335 0.316134
-0.910251 -0.21866 0.351613
0.49833 0.516074 0.69666
0.748245 -0.266312 0.607624
-0.646352 0.580969 0.494675
0.633675 0.638509 0.436764
-0.575086 -0.746184 0.335389
0.163238 0.577776 0.799705
0.818238 -0.449777 0.358032
0.785075 -0.613156 0.0877319
0.352467 -0.738178 0.575204
0.938188 -0.334928 0.0873356
-0.388123 -0.4119 0.824438
0.92929 0.174457 0.325554
-0.789746 -0.512153 0.33764
0.521253 -0.852788 0.0323814
0.0416096 -0.778738 0.625967
0.0204854 0.312877 0.949573
-0.486497 0.461621 0.741773
0.837147 0.489756 0.243564
-0.574656 -0.155737 0.80344
0.806271 0.0479617 0.589599
0.422636 0.854898 0.30088
-0.297243 -0.899301 0.320789
0.138671 -0.98835 0.0627229
0.202319 -0.566355 0.798942
0.665393 0.734078 0.135574
0.996064 -0.0226743 0.0856889
0.33157 0.322843 0.886472
-0.970265 0.232002 0.068997
-0.115166 -0.573663 0.810954
0.327608 -0.895724 0.300584
-0.929981 0.0982923 0.354222
-0.021822 0.774311 0.632429
0.460991 -0.382128 0.800915
-0.332769 0.711096 0.619361
0.316746 0.749616 0.581161
-0.392981 0.917209 0.065525
0.122614 0.914082 0.386549
-0.474683 0.806769 0.351851
-0.090006 0.99587 0.0119247
-0.91679 -0.392792 0.0721831
0.0167155 -0.936128 0.351261
0.58027 -0.0879328 0.809663
0.606954 0.224946 0.762237
-0.734784 -0.674641 0.0703737
