0.391444 -0.65922 0.642029
-0.429751 -0.821239 0.375341
-0.110785 0.609481 0.785022
0.86767 -0.494506 0.0511011
-0.783822 0.620978 0.00312072
-0.579252 0.200537 0.790097
0.159979 0.723861 0.671142
0.68661 0.418947 0.59418
-0.56576 0.815625 0.12113
-0.80598 0.279041 0.522046
-0.629251 -0.599663 0.494416
0.466256 -0.80283 0.371577
0.250607 0.184642 0.950318
0.901282 0.417846 0.114436
0.456723 0.377056 0.80575
-0.492151 -0.412547 0.766546
-0.362209 -0.672797 0.645096
-0.670799 -0.713228 0.203311
-0.133108 -0.846376 0.515683
-0.83853 -0.440789 0.320271
-0.300792 0.953472 0.0203582
-0.907684 -0.142402 0.394755
-0.0844745 0.299601 0.950318
0.0400918 -0.308689 0.950318
-0.0813965 0.965753 0.246366
-0.365868 0.693907 0.620189
-0.35923 0.863321 0.354445
-0.765919 -0.00933614 0.64287
-0.611846 0.680972 0.402395
-0.962988 -0.248967 0.103293
0.199063 0.974586 0.102738
0.127214 -0.968455 0.214272
0.491309 0.869635 0.0484901
-0.265606 -0.23324 0.935442
0.878784 0.271289 0.392608
0.977481 -0.19955 0.0686398
-0.309726 0.0790361 0.947535
0.458306 0.634456 0.622432
-0.847942 -0.529783 0.0180185
-0.450442 -0.890502 0.0640931
0.162992 0.47509 0.86471
0.526503 0.0724456 0.847081
0.310332 -0.433169 0.846203
0.93258 -0.0374864 0.359012
0.0923065 -0.66482 0.741278
0.716661 -0.617143 0.324857
0.644597 -0.476699 0.597707
0.553104 -0.237862 0.798434
-0.537557 -0.108493 0.836219
0.181719 -0.846795 0.499916
-0.595717 0.479544 0.644328
-0.738674 -0.31948 0.593543
-0.937755 0.346573 0.0223982
-0.950198 0.146171 0.275243
0.72339 0.601676 0.338665
0.878338 -0.346577 0.329252
0.784516 -0.19437 0.588859
0.670965 -0.740495 0.0383934
-0.82766 0.484227 0.283732
-0.0996019 0.839264 0.534523
-0.168488 -0.517231 0.839097
0.759888 0.115754 0.639666
0.183414 0.894702 0.407268
0.480201 0.801628 0.356088
0.406857 -0.909884 0.0811019
0.737956 0.674146 0.0307702
-0.187574 -0.956079 0.225229
0.989179 0.116144 0.089644
1.38778e-17 2.77556e-17 1
0.297665 -0.12702 0.946183
-0.354489 0.416474 0.83719
