0.888395 -0.238204 0.392446
-0.126154 0.279971 0.951683
0.0785073 0.971768 0.222495
0.30818 -0.820154 0.48205
-0.94499 -0.07472 0.318451
0.663604 0.216758 0.715992
0.901811 0.402927 0.156163
0.323145 0.945792 0.0324664
-0.613331 0.642107 0.459917
-0.216241 0.968462 0.123775
-0.868772 0.193512 0.455838
0.245988 -0.947286 0.205278
0.262604 -0.159179 0.951683
0.425074 0.388208 0.817684
0.182915 0.246659 0.951683
-0.825912 0.467428 0.315246
0.651627 -0.0960833 0.75243
-0.959128 0.232709 0.160995
0.56035 0.808622 0.179271
-0.65201 -0.590142 0.476042
-0.426119 -0.585613 0.689551
-0.0436193 -0.993793 0.102332
0.0566046 0.514057 0.855886
0.7045 -0.366191 0.607934
0.828289 0.328933 0.453586
-0.0446746 0.741376 0.669601
0.89792 -0.439944 0.0137372
-0.578858 -0.0808639 0.811409
0.47401 0.744062 0.470836
-0.535838 0.465998 0.704076
0.618793 0.503017 0.603382
-0.999152 -0.0385265 0.0144941
0.0750149 -0.738069 0.670542
0.521908 -0.813549 0.256418
-0.645552 -0.353184 0.677144
-0.935086 -0.326895 0.136949
-0.250755 0.527859 0.811472
-0.345576 0.72743 0.592809
0.0184061 -0.910065 0.414056
-0.217507 -0.786953 0.577405
-0.690843 0.703859 0.165279
-0.303863 -0.0443406 0.951683
-2.77556e-17 -1.11022e-16 1
0.471718 -0.342353 0.812574
0.956892 0.117274 0.265716
-0.800892 -0.0766131 0.593887
-0.423727 0.232184 0.875526
-0.148743 0.895124 0.420273
-0.403297 -0.914894 0.0179311
-0.871959 0.489504 0.00860994
-0.434566 0.846247 0.30825
-0.100264 -0.290251 0.951683
0.160467 -0.444247 0.881416
0.768592 0.639719 0.00511673
-0.394657 -0.326751 0.858766
0.442934 0.086973 0.892326
-0.141192 -0.565538 0.812547
0.183254 0.8524 0.489726
0.731549 0.596963 0.329351
-0.834815 -0.342827 0.43076
0.840627 0.0307961 0.540738
0.588494 -0.634214 0.501446
-0.553413 -0.791157 0.260393
-0.682788 0.192067 0.704919
-0.486969 0.873414 0.00304667
-0.270909 -0.914928 0.29919
0.356368 -0.610979 0.706899
0.798591 -0.524014 0.296077
0.982557 -0.150277 0.10954
0.719511 -0.693387 0.0389631
0.29373 0.646178 0.704398
-0.782443 -0.591773 0.193876
