0.418101 -0.665888 0.617888
-0.365541 -0.484863 0.794536
0.269519 -0.8607 0.43192
-0.359997 -0.843613 0.398396
0.920619 -0.0356709 0.388829
0.989407 0.0877802 0.115625
0.342812 0.852288 0.395077
0.298328 0.0580945 0.952694
-0.0599062 -0.546976 0.835002
-0.23185 -0.249276 0.94027
0.625991 -0.779823 0.00330564
0.369084 -0.236364 0.898838
-0.517469 -0.640519 0.567416
-0.829482 -0.502664 0.243491
-0.727072 0.521985 0.445979
-0.0523449 0.995924 0.0734513
-0.989014 0.0725193 0.128808
-2.77556e-17 -3.46945e-17 1
0.77827 0.112409 0.617786
0.919987 0.386669 0.064111
-0.209725 -0.964761 0.158909
0.898483 0.268322 0.347465
-0.623199 -0.725738 0.291424
0.249197 0.96063 0.122844
0.0483767 0.932795 0.357146
0.557141 -0.749908 0.356696
0.389783 -0.908139 0.152817
-0.908578 0.00405736 0.417695
-0.954961 -0.22669 0.191472
-0.743105 -0.073432 0.665134
-0.570254 0.773307 0.277139
0.479148 0.500115 0.72132
0.780721 -0.231445 0.580437
0.250322 -0.5098 0.823069
0.710157 -0.513914 0.481217
0.921087 -0.389213 0.0105743
-0.933878 0.356726 0.0248881
0.75918 0.65088 0.00119526
-0.788645 0.595334 0.153676
-0.0319442 0.787174 0.615903
-0.834964 -0.290426 0.467427
0.890543 -0.331784 0.31121
-0.23301 -0.722439 0.65099
-0.257106 0.868916 0.422945
0.094086 -0.973999 0.20609
-0.508074 -0.150174 0.848121
0.0720289 -0.295274 0.952694
0.573479 0.794434 0.19999
0.0501969 0.564266 0.824065
-0.77139 0.224797 0.595334
-0.629554 -0.376884 0.679427
0.553011 -0.41096 0.72477
-0.299711 0.0504794 0.952694
-0.898052 0.296999 0.324491
-0.468223 0.687977 0.554486
-0.0570795 -0.886462 0.459268
-0.485445 -0.872294 0.0587055
0.781201 -0.593765 0.192791
-0.337367 0.345847 0.875542
0.52908 0.213532 0.821266
-0.736215 -0.676705 0.0076443
0.113924 -0.736734 0.666516
-0.565414 0.14975 0.811099
0.784471 0.548169 0.290027
-0.346151 0.928471 0.134611
0.267824 0.358542 0.89427
-0.570871 0.435062 0.696296
0.262836 0.708485 0.654955
0.572233 0.665487 0.479246
-0.245002 0.611958 0.751985
0.610414 -0.0812298 0.787906
-0.043025 0.300871 0.952694
0.722759 0.408824 0.55721
