-0.0552868 0.569884 0.819863
0.990034 -0.137478 0.0305503
0.488345 0.458604 0.742429
-0.531057 -0.775985 0.340333
-0.228343 -0.196183 0.95361
-0.750027 -0.0576375 0.658891
0.732371 -0.608211 0.306124
0.385951 -0.338643 0.858116
0.467653 0.692867 0.54885
-0.503727 -0.862441 0.0495438
-0.0181049 0.948504 0.316247
0.230878 -0.779511 0.582286
-0.905814 0.0507236 0.420629
0.796984 -0.0902041 0.597227
-0.521355 0.827381 0.208877
-0.295157 0.863144 0.409714
-0.743897 0.609576 0.273924
0.902688 -0.401375 0.155087
-0.0128741 -0.896797 0.442254
0.168946 -0.548736 0.818747
0.864099 0.42092 0.275969
-0.504318 -0.604632 0.61651
-0.0536562 0.296225 0.95361
-0.53707 0.692568 0.481565
-0.288613 0.102388 0.951955
-0.0474823 -0.721038 0.691266
0.226057 0.398078 0.889062
0.874478 0.173301 0.45305
0.939644 -0.0967753 0.328182
-0.668681 -0.351152 0.655406
-0.861345 -0.249828 0.442347
-0.88697 -0.42036 0.191265
-0.253846 0.959307 0.123661
-0.758606 0.244331 0.604003
-0.324883 0.396983 0.858403
0.496499 -0.750572 0.436039
0.716859 0.438534 0.542033
-8.32667e-17 -2.77556e-17 1
0.762405 0.645903 0.0393451
-0.545897 0.191797 0.815605
-0.974426 -0.128672 0.184219
0.329709 -0.943978 0.0140553
-0.415656 -0.395225 0.819162
0.439843 -0.582416 0.683615
0.773889 -0.633298 0.00541264
0.973427 0.158424 0.165356
-0.0669174 0.796994 0.600269
-0.517494 -0.109671 0.84863
0.267546 -0.912132 0.310538
-0.979205 0.167718 0.114145
0.445935 0.187743 0.875154
0.294081 -0.0643785 0.95361
0.0179658 -0.98802 0.153277
-0.318561 0.650416 0.689549
0.221259 0.653781 0.723613
0.678208 0.655642 0.331914
-0.289821 -0.80044 0.524691
-0.727726 -0.673099 0.131728
-0.281624 -0.926989 0.247746
-0.563946 0.465116 0.682372
0.029457 0.999382 0.0191939
-0.889607 0.453164 0.0569354
0.211872 0.846694 0.488078
-0.875406 0.343036 0.340573
-0.72449 -0.55209 0.412687
0.0873611 -0.288091 0.95361
0.568917 -0.80932 0.146066
0.26493 0.942476 0.203841
0.693569 0.177971 0.698061
0.538298 0.833365 0.125452
-0.128115 -0.48447 0.865376
0.823089 -0.352774 0.445056
0.577776 -0.0795551 0.812309
0.637239 -0.350452 0.686375
