-0.168711 -0.249329 0.95361
0.29503 -0.504411 0.811496
-0.490158 -0.64026 0.59145
0.612896 0.501104 0.610944
-0.442338 0.887723 0.127615
0.205565 0.219935 0.95361
0.706183 -0.688984 0.163112
0.425728 0.382583 0.819991
-0.499297 0.755922 0.423419
0.941904 -0.156481 0.297203
-0.900634 -0.354038 0.252023
0.138245 -0.267426 0.95361
-0.382768 0.338383 0.859643
0.240911 -0.957524 0.158461
0.49811 -0.866814 0.0228133
0.849717 0.0211725 0.526813
-0.608207 -0.38002 0.696899
0.999988 -0.00175914 0.00446856
0 -3.18078e-17 1
0.750915 0.574973 0.324859
-0.0561913 -0.946821 0.316816
0.952688 0.146363 0.26639
-0.730263 -0.522571 0.440041
0.617085 0.774726 0.137861
-0.97365 0.186261 0.131579
0.145646 0.501133 0.853026
-0.481607 0.55931 0.674705
0.35441 0.91134 0.209409
0.236747 0.843545 0.482062
-0.194229 -0.695622 0.691654
0.850738 -0.446439 0.277375
-0.989573 -0.124026 0.0732362
0.0573135 0.96216 0.26639
0.429924 -0.237865 0.870968
-0.786884 0.0460208 0.615382
0.58137 -0.430726 0.690278
0.818233 0.574215 0.0277935
0.952958 -0.301649 0.0296508
0.479819 -0.815917 0.322572
-0.565786 0.0952225 0.819036
-0.864822 0.269485 0.423628
-0.935156 -0.0185266 0.353751
-0.308761 -0.8388 0.448421
-0.294505 0.0624118 0.95361
-0.817111 -0.242631 0.522934
-0.0262502 -0.999488 0.0183025
0.797101 -0.28447 0.532641
-0.162532 0.985066 0.0568106
-0.568094 -0.8226 0.0244514
0.667225 -0.100791 0.738005
0.207543 -0.869529 0.448157
-0.168491 0.550727 0.817503
0.818294 0.320093 0.477426
0.352356 0.642977 0.680019
0.66112 0.218514 0.717755
-0.678521 0.327558 0.657507
0.109801 -0.714209 0.691266
-0.454569 -0.183428 0.87162
-0.572386 -0.754419 0.32129
-0.0910722 0.289117 0.952952
-0.231679 0.908954 0.346595
-0.714448 0.541237 0.443426
-0.341247 -0.461228 0.819036
0.517772 0.734093 0.43934
-0.777255 -0.611845 0.146699
-0.0297559 -0.504712 0.862775
-0.864857 0.464739 0.189841
0.40456 -0.691959 0.597933
0.0379769 0.729625 0.682793
0.656737 -0.604077 0.451428
-0.318888 -0.9343 0.159358
0.458954 0.0649702 0.886081
-0.681704 0.708056 0.184219
-0.2561 0.752478 0.606786
0.953247 0.302157 0.00464912
