0.289409 0.915559 0.279276
0.48375 0.55624 0.67571
-0.493256 -0.160464 0.854956
-0.953965 -0.0445495 0.29659
-0.790721 -0.605675 0.0889886
0.296669 0.0291321 0.954536
-0.840143 -0.257291 0.477452
0.849747 -0.526451 0.0279159
0.698085 0.685459 0.206938
0.498623 0.864124 0.0683027
0.21116 -0.528147 0.822479
-0.367285 -0.917711 0.151357
0.951218 0.251219 0.179089
-0.726891 -0.0683256 0.683345
-0.0273705 0.724068 0.689185
0.182876 -0.970268 0.158543
-0.198865 -0.241102 0.949907
0.12031 0.27372 0.954255
0.218116 0.534242 0.816707
5.55112e-17 2.77556e-17 1
-0.382369 -0.437823 0.813698
0.50021 0.755277 0.423493
0.654084 0.307884 0.690928
0.44849 -0.892956 0.0385521
-0.557593 0.436828 0.705884
0.150237 -0.882705 0.445264
-0.295446 0.0445176 0.954322
-0.113653 -0.94311 0.312452
-0.983672 0.161824 0.0787514
-0.990965 -0.133678 0.0109098
-0.522353 0.673743 0.522702
0.42745 -0.839828 0.334627
-0.749301 0.491575 0.443737
-0.0749767 0.487444 0.869929
0.999064 -0.0127162 0.0413396
0.0371767 -0.730424 0.681981
0.020411 0.986431 0.162901
0.662879 -0.725556 0.184825
0.647726 -0.223936 0.72822
0.331212 -0.713631 0.617275
-0.753979 -0.531442 0.386114
-0.334549 0.334395 0.881054
0.49258 -0.48247 0.724284
0.391831 -0.248621 0.885808
0.94361 -0.259206 0.205941
-0.913252 -0.35413 0.201403
0.837204 -0.247213 0.487827
0.100002 -0.28089 0.954516
-0.597148 -0.757738 0.26315
0.845261 0.270673 0.460728
-0.55192 0.133596 0.823126
0.786154 0.020092 0.617703
-0.640334 -0.357155 0.680009
-0.360423 -0.823594 0.437937
0.405991 0.302823 0.862247
0.593471 -0.640133 0.487875
-0.256542 0.816897 0.51659
-0.311651 0.609794 0.728715
0.702137 0.535959 0.468776
0.566788 0.0508832 0.822291
-0.260318 -0.681255 0.684198
-0.877625 0.457673 0.142514
-0.266963 0.960764 0.0752482
0.262037 0.749185 0.608324
-0.449177 0.846271 0.286471
0.935612 0.00391597 0.353009
-0.53537 -0.619325 0.574296
-0.548915 0.835875 0.00209425
0.041057 0.892709 0.44876
-0.90134 0.246305 0.356259
-0.753275 0.224878 0.618067
-0.694859 0.685015 0.21892
0.864374 0.501612 0.0352571
-0.0851506 -0.996223 0.0169992
-0.0874277 -0.505853 0.858178
0.80378 -0.498555 0.324622
