0.0625993 -0.949775 0.306607
0.913928 -0.405832 0.0060067
-0.10357 -0.669515 0.735543
-0.787727 0.422604 0.44821
-0.277036 0.960766 0.0134115
0.315708 0.784028 0.534443
0.9931 -0.117247 0.00213944
0.645759 0.327273 0.689846
-0.838864 -0.543413 0.0317698
-0.443973 -0.813057 0.376598
0.0874871 0.48974 0.867468
0.755616 0.631876 0.172563
-0.724872 -0.118145 0.678676
0.646429 -0.57236 0.504513
0.535399 0.841413 0.0732997
-0.316094 0.0682571 0.946269
0.52795 -0.185681 0.828728
-0.444878 0.618228 0.64798
-0.578302 0.107197 0.808749
-0.207722 -0.209867 0.955409
-0.575204 -0.415073 0.704879
-0.0194591 -0.435015 0.900213
-0.617601 0.378193 0.689594
-0.102614 0.276881 0.955409
-0.224737 -0.948023 0.225268
0.192132 0.224227 0.955409
-0.692332 0.659339 0.293169
-0.787929 -0.352613 0.504809
-0.181725 0.590398 0.786388
-0.17626 -0.84491 0.505035
0.841854 0.212165 0.496254
-0.990005 -0.070227 0.122305
0.471584 0.161466 0.866912
0.741883 -0.670486 0.00759537
-0.486952 -0.17315 0.856094
-0.906859 -0.0954361 0.410486
-0.451348 0.794225 0.406807
0.810535 -0.525044 0.259541
-0.200826 0.797209 0.569321
-0.632743 -0.606666 0.48124
0.0553018 0.896042 0.440513
0.554124 0.751742 0.357535
0.266876 -0.350234 0.897838
0.485959 -0.472056 0.735532
-0.52793 0.840495 0.121894
-0.207094 0.930492 0.302155
-0.976473 0.213516 0.0301752
0.377221 0.439989 0.814932
0.186576 -0.608531 0.771284
0.862086 -0.0857633 0.499452
0.114107 -0.815022 0.568083
0.712804 -0.309364 0.629448
-0.368499 0.367392 0.85395
0 -5.55112e-17 1
0.696291 0.0341975 0.716944
0.0647872 0.725324 0.685353
0.289516 -0.0580801 0.955409
0.754107 0.491177 0.435969
0.393761 -0.711235 0.58232
-0.872901 0.459381 0.164355
-0.308791 -0.462021 0.831375
0.0472446 0.986617 0.156062
0.610361 -0.746596 0.264676
0.53096 0.590469 0.607806
0.510815 -0.859663 0.00682408
-0.912325 -0.336143 0.233819
-0.462726 -0.884784 0.05516
0.911751 0.337364 0.234298
0.316541 0.911051 0.264173
-0.665334 -0.719437 0.199352
0.350054 -0.87438 0.336039
0.966742 0.0443656 0.251875
-0.792734 0.158383 0.588633
-0.926967 0.1896 0.323703
0.238932 -0.968794 0.0659529
-0.384032 -0.672182 0.633001
0.931719 -0.252112 0.261417
