-0.872605 -0.0037465 0.488413
-0.552664 -0.449799 0.701601
-0.103487 -0.954763 0.278781
0.999223 -0.0350063 0.0180982
0.47389 -0.0265465 0.880184
-0.45142 0.0999968 0.886691
0.208886 0.467779 0.858807
0.00797241 0.990556 0.13688
0.679466 0.141967 0.719842
-0.361469 -0.925 0.117114
-0.929035 0.218613 0.298501
-0.692161 0.0445469 0.720367
-0.981442 0.191648 0.0065744
0.845603 -0.239112 0.477263
-5.55112e-17 -5.55112e-17 1
0.655947 -0.733496 0.178093
-0.596784 -0.772415 0.217311
-0.567207 -0.660637 0.491766
-0.776077 -0.630068 0.0268226
0.850306 0.205777 0.484392
-0.468544 0.858578 0.208111
-0.707613 0.690017 0.152187
-0.530246 -0.181191 0.828257
-0.26727 -0.123672 0.955653
-0.328448 -0.645445 0.689581
-0.264235 0.964272 0.0189517
-0.743304 -0.233546 0.626862
0.0669669 0.890591 0.449849
0.663442 -0.434222 0.60934
-0.0673818 -0.575779 0.814824
0.406435 -0.862737 0.300825
-0.350526 -0.845037 0.403786
-0.296387 0.354279 0.886928
-0.205199 0.920445 0.332678
-0.785979 0.273421 0.554507
0.278867 0.928789 0.244097
-0.41131 0.770603 0.486821
-0.776441 -0.547058 0.312837
0.343861 0.793873 0.501523
0.25087 0.155943 0.955378
-0.979696 -0.0552896 0.192712
-0.362096 0.592008 0.720009
0.135658 0.705731 0.695371
-0.803653 0.484662 0.345319
0.709526 0.683678 0.170752
-0.0365645 -0.311902 0.94941
0.603994 0.659052 0.448153
0.673384 0.418497 0.609438
0.576122 -0.676162 0.459225
-0.569988 0.336341 0.749659
0.811003 0.468696 0.35014
0.683723 -0.155739 0.712929
-0.0862216 0.556425 0.826412
0.791226 -0.502261 0.348848
-0.882034 0.467538 0.0585127
0.141717 -0.88938 0.434649
0.420234 -0.583072 0.695292
0.176434 -0.973236 0.147253
0.842671 -0.535362 0.0573822
0.501155 0.86348 0.0569674
0.155477 -0.718358 0.678077
-0.887104 -0.276459 0.369617
-0.145299 0.77044 0.620734
0.204409 -0.463597 0.862146
0.436036 0.580475 0.687693
0.429423 -0.903079 0.00664996
0.936221 -0.290183 0.198203
0.23142 -0.182134 0.955653
-0.109095 -0.810988 0.574801
0.947328 0.257273 0.190733
-0.610569 0.561272 0.55873
-0.306089 -0.403751 0.862146
-0.0129025 0.294213 0.955653
0.872891 0.487611 0.0172453
0.462596 -0.319367 0.827049
-0.921151 -0.378224 0.0918057
0.4645 0.31844 0.826339
0.950193 -0.0150316 0.311301
