0.135976 0.711223 0.68969
-0.135562 0.26144 0.955653
-0.733075 -0.174008 0.657512
0.414816 -0.661749 0.624512
0.445506 0.240908 0.862257
0.82038 -0.298682 0.487613
-0.66006 -0.751213 0.000398209
0.511473 -0.782399 0.355312
-0.802794 0.114904 0.58508
0.243239 0.857447 0.453453
0.299527 0.496144 0.814938
0.0834546 0.969914 0.228698
0.0790622 -0.965224 0.249183
0.448799 -0.235125 0.862146
-0.512043 -0.822104 0.248914
-0.643733 0.347332 0.681886
-0.873313 0.48715 0.00318007
-0.977153 0.209759 0.0342585
-0.418487 0.278953 0.864323
-0.619103 0.592808 0.515064
-0.418679 0.908086 0.0093352
0.478168 -0.875123 0.0742648
0.616891 0.784 0.0692045
-0.535357 0.802854 0.262332
0.162107 0.268519 0.949536
0.29449 0.00181309 0.955653
-0.294343 0.00948152 0.955653
0.0056744 0.506438 0.862257
0.999696 0.0234135 0.00776097
-0.0517784 -0.865868 0.497585
-0.152304 -0.252281 0.955593
-0.990062 -0.0755736 0.1186
-0.594691 -0.642482 0.48328
-0.602053 0.054427 0.796599
0.685846 0.148948 0.712341
0.419953 0.67355 0.608251
0.865839 0.441977 0.234477
-0.416984 0.543859 0.728246
0.962264 -0.272039 0.00660725
0.590364 -0.428623 0.683924
-0.0523572 0.871079 0.488343
0.816241 0.301882 0.492563
-0.937339 0.13709 0.320316
0.951848 -0.139392 0.273049
0.512229 0.785176 0.348022
0.145488 -0.256049 0.955653
0.707182 -0.690862 0.150341
-0.342213 -0.800162 0.492576
0.583243 0.436605 0.684984
0.244121 -0.849205 0.468248
-0.813693 0.380369 0.439571
0.857622 0.00775122 0.514223
-0.21747 -0.940424 0.261361
0.361113 0.923181 0.131659
-0.582551 -0.428866 0.690441
-0.167788 -0.687813 0.70623
-0.782897 -0.412328 0.465894
-0.372994 -0.927802 0.00769223
-0.756573 0.603777 0.251101
-0.320015 -0.462148 0.827049
-0.161089 0.693904 0.701817
0.950149 0.158386 0.268572
-0.00645939 -0.496688 0.867905
0.864559 -0.449317 0.225059
-0.760473 -0.603823 0.238911
-0.669014 0.743244 0.00295369
-0.0832816 -0.996525 0.00147442
0.28818 -0.483387 0.826613
-0.914417 -0.35185 0.200109
-0.472929 -0.207196 0.856392
-0.133019 0.990792 0.025234
-0.899583 -0.143581 0.412474
-0.263248 0.92189 0.284287
0.693787 0.568605 0.441981
-2.77556e-17 1.21431e-17 1
0.68925 -0.148831 0.709072
0.129638 -0.701893 0.700386
-0.37935 0.769475 0.513812
0.69646 -0.565568 0.441675
