0 -4.16334e-17 1
-0.231259 -0.92888 0.289312
0.289106 0.038474 0.956524
0.7088 -0.524446 0.471762
-0.861043 0.1522 0.485222
-0.264607 -0.405555 0.874933
0.343347 0.318943 0.883396
0.951566 -0.304626 0.0415385
-0.743068 0.611333 0.272254
-0.441991 0.340469 0.829894
0.187447 0.760976 0.621111
-0.678304 -0.372913 0.633119
0.686864 0.639226 0.345844
0.575703 -0.408813 0.708123
0.142415 -0.685569 0.713942
0.917736 0.188949 0.349369
0.105351 0.547852 0.829915
0.979833 -0.053 0.192661
-0.953338 -0.25124 0.167404
-0.561876 0.659049 0.49995
-0.232997 0.175428 0.956524
0.541439 -0.749549 0.380814
0.879793 -0.0779192 0.468928
-0.262883 0.938439 0.224109
-0.365602 0.599667 0.711853
-0.329201 -0.781158 0.530489
-0.264824 -0.12219 0.956524
0.703512 -0.143347 0.696077
0.249923 -0.837796 0.485423
-0.97071 0.0345954 0.23775
0.79017 -0.582317 0.191147
0.0624654 -0.954913 0.290242
-0.169967 0.451923 0.875715
-0.487087 0.0520895 0.871799
0.290198 0.955148 0.0589726
-0.137195 -0.990403 0.0166963
-0.0270642 0.886319 0.462283
0.0596472 0.28549 0.956524
0.603825 -0.791356 0.0956606
-0.972167 0.233433 0.0200026
0.0221989 -0.473862 0.880319
0.502844 0.834829 0.224072
-0.675436 0.208408 0.707356
0.740068 0.670074 0.0574517
-0.848164 -0.51938 0.104223
-0.878654 -0.140722 0.45625
-0.664426 -0.745165 0.0571654
-0.892485 0.357135 0.275543
-0.625928 -0.617287 0.476624
0.174903 -0.233391 0.956524
-0.741127 0.425697 0.519146
0.97561 0.210847 0.0610572
-0.419895 -0.907171 0.0269883
0.423285 -0.64941 0.631741
-0.676918 0.736024 0.00703989
0.551991 0.0810319 0.829904
0.0266165 0.981717 0.188476
0.353821 -0.909339 0.218891
-0.438909 -0.565129 0.698561
-0.0404135 -0.839758 0.541455
-0.714601 -0.0835749 0.694522
-0.502418 -0.813106 0.293998
0.453943 -0.194219 0.869606
-0.861731 0.506828 0.0233555
0.588923 0.357553 0.724794
0.868313 0.446997 0.215003
-0.0949407 0.715089 0.692556
-0.312171 0.815399 0.487518
0.762736 0.13827 0.631755
0.455066 0.73709 0.499613
0.249953 0.89808 0.361906
0.312531 -0.461561 0.830233
0.771517 0.399459 0.49517
0.381895 0.567482 0.729465
0.157644 -0.98741 0.013046
-0.527878 0.811704 0.249964
-0.823502 -0.420425 0.380903
-0.161012 -0.655648 0.7377
0.883326 -0.336188 0.32667
-0.503975 -0.239342 0.829894
