0.233815 0.416179 0.878707
0.124994 0.969792 0.209476
-0.723647 0.69017 0.000966123
-0.633289 0.722358 0.277746
-0.997948 -0.0515805 0.0379344
0.477136 -0.0407854 0.877883
0.496368 -0.86811 0.00203575
-0.818605 -0.470539 0.329362
0.800214 0.475707 0.365185
-0.802054 -0.593797 0.0641433
0.633106 0.709668 0.309109
0.869057 0.203116 0.451093
0.103883 -0.702998 0.703564
-0.715548 0.507346 0.480199
-0.317847 -0.348162 0.881905
0.0321525 -0.978885 0.201868
0.806237 0.584212 0.0931593
0.377699 -0.598949 0.706119
-0.286918 0.620494 0.729839
0.215256 0.672249 0.708341
-0.276108 0.0879284 0.957096
0.862522 -0.09023 0.497911
0.229877 -0.176418 0.957096
0.256484 0.134844 0.957096
-0.798278 -0.267567 0.539593
0.461552 0.514334 0.722793
0.776956 -0.370155 0.509239
0.666328 -0.198046 0.718877
-0.177485 -0.750094 0.63707
-0.0347733 0.287677 0.957096
-0.830327 0.515856 0.210828
0.725595 -0.68756 0.027802
0.317912 -0.920194 0.228417
0.937751 0.299482 0.17588
-0.633296 -0.554111 0.540275
0.89309 -0.44776 0.043594
0.584557 0.810445 0.0383786
0.968886 0.0170089 0.246924
2.77556e-17 -7.71952e-17 1
-0.60144 -0.798902 0.00503388
-0.305027 0.368532 0.878147
0.437029 0.729748 0.525808
-0.181451 -0.903748 0.387706
0.575034 -0.773085 0.267723
-0.0519652 0.768916 0.637234
-0.49615 0.866461 0.055504
-0.881747 0.00488659 0.471698
0.394611 0.876466 0.275843
0.176057 0.860723 0.477661
0.174025 -0.464627 0.868238
0.694001 0.370728 0.617189
-0.39883 -0.574616 0.714668
-0.381924 0.865073 0.325241
0.723413 0.0872488 0.684881
-0.100477 0.915931 0.388555
-0.878765 0.284182 0.383422
-0.966845 0.230844 0.109187
-0.59005 -0.337985 0.733217
-0.49183 0.689182 0.532101
-0.105671 -0.54397 0.832424
-0.421801 -0.879069 0.222084
-0.202566 0.971918 0.11976
-0.729034 0.25832 0.633861
-0.708071 -0.0248885 0.705702
0.92245 -0.270831 0.275201
0.437244 -0.341273 0.832076
-0.0414642 -0.286789 0.957096
0.985055 -0.172112 0.00660698
-0.937743 -0.207853 0.278271
-0.430124 -0.758821 0.489065
-0.531589 0.460545 0.710853
-0.479769 -0.104289 0.871175
-0.64748 -0.70493 0.289556
-0.940305 -0.339918 0.016814
0.776314 -0.561149 0.287139
0.51651 0.243824 0.820833
-0.525978 0.182136 0.830767
-0.0212987 0.552723 0.833093
0.377782 -0.789527 0.483661
0.603062 -0.605678 0.519106
0.0988936 -0.877857 0.468602
