0.401967 0.29193 0.86787
0.296737 -0.474127 0.828946
0.283746 -0.930219 0.232767
0.188604 -0.709173 0.67934
-0.100321 -0.741948 0.66291
0.947328 0.292292 0.130905
0.87125 -0.108478 0.478703
-0.567001 0.724458 0.392009
0.874237 -0.485491 0.00285833
-0.804603 0.223805 0.550023
-0.936505 -0.19831 0.289191
-0.205762 0.671934 0.711454
0.913373 -0.305845 0.268718
0.549897 0.0433365 0.834107
-0.955334 -0.29514 0.0151635
0.0814651 -0.879532 0.468815
0.376169 -0.79603 0.474165
0.467331 0.882532 0.0523368
0.608005 -0.620954 0.494718
0.843886 0.536421 0.0103956
-0.0451431 0.488878 0.871183
0.161471 0.880496 0.445707
-0.332227 0.440087 0.834235
0 -5.55112e-17 1
-0.163559 0.237216 0.957589
0.896088 0.192838 0.399801
0.436157 -0.222081 0.872036
0.817609 0.49314 0.297202
-0.997981 -0.0109635 0.062563
-0.273443 -0.546324 0.791681
0.975122 -0.022638 0.220509
-0.00245183 -0.978139 0.207938
-0.665815 0.0566334 0.743965
0.0136029 -0.541352 0.840686
-0.41484 -0.300707 0.858769
-0.658523 -0.60937 0.441606
0.461166 -0.887295 0.00582752
0.568101 -0.782278 0.255544
-0.473288 -0.818617 0.325368
-0.28503 -0.947579 0.144399
-0.281527 -0.0613657 0.957589
-0.881914 0.37262 0.288758
-0.205265 -0.884936 0.418036
-0.37927 -0.71901 0.582391
-0.126318 -0.307382 0.943165
-0.658999 -0.233096 0.715113
-0.316973 0.948081 0.0258873
0.759603 0.105441 0.641784
0.158396 -0.247398 0.955879
-0.758525 0.620599 0.198738
-0.89416 0.447684 0.00762223
0.697271 -0.716802 0.00285858
0.356057 0.721897 0.59337
0.445674 0.829016 0.337799
-0.795946 -0.356984 0.48891
0.621816 0.632579 0.461724
-0.538251 -0.495974 0.681393
0.12689 0.258693 0.957589
0.513492 0.500031 0.697348
0.693015 -0.172025 0.700098
0.738735 0.382624 0.554859
-0.853606 -0.469957 0.224716
-0.561793 0.81902 0.116595
-0.939864 0.0901171 0.329447
0.669513 0.718713 0.187629
0.0781047 0.728991 0.680053
-0.47899 0.600405 0.640377
0.213444 0.961884 0.17094
-0.83463 -0.0739877 0.54582
-0.0698222 0.968681 0.238289
0.558555 -0.430211 0.709179
0.78066 -0.565086 0.266922
0.238213 0.527069 0.815753
-0.602172 0.348289 0.718389
0.287821 0.013501 0.957589
-0.123333 0.856274 0.501582
-0.715002 0.495115 0.493593
0.977049 -0.213014 0.000111207
-0.689947 -0.704095 0.167997
0.770679 -0.379965 0.511548
-0.437482 0.172846 0.882459
-0.340296 0.887796 0.309865
