-0.976706 -0.0504589 0.208563
0.939686 -0.339789 0.0391554
0.031043 0.698325 0.715108
-0.643999 -0.764205 0.0354478
0.300692 -0.866222 0.399054
-0.863961 -0.151834 0.480123
-0.0350322 -0.871593 0.488977
0.897078 -0.0709892 0.436133
0.413652 0.383634 0.825661
0.739599 -0.00467844 0.673032
0.655283 0.273233 0.704236
-0.496322 -0.821448 0.280871
0.403427 -0.90594 0.128526
-0.320617 -0.794157 0.516255
-0.967091 0.226426 0.116043
0.182805 -0.747374 0.63876
-0.741962 -0.615102 0.266725
-0.688817 0.724651 0.0203132
0.786912 -0.58501 0.1963
-0.671527 0.58354 0.456653
0.939673 0.179134 0.29142
-0.908879 -0.330942 0.253803
0.107421 -0.542696 0.833032
-0.745158 0.3292 0.579971
-0.566213 0.234076 0.790323
-0.896938 0.132479 0.421844
0.638806 -0.769029 0.0228374
-0.221502 -0.185566 0.957341
0.550098 0.809628 0.204683
-0.172526 0.98438 0.0350795
0.72063 0.609077 0.331237
0.118971 0.992727 0.018409
-0.862474 -0.505519 0.0242664
0.458687 -0.685476 0.565446
-0.00852476 0.960199 0.279186
-0.681765 -0.233795 0.693207
0.598005 0.542117 0.590339
0.890396 0.429843 0.149767
0.550875 -0.175863 0.815849
0.285615 0.925514 0.248691
-0.520648 -0.0476742 0.852439
0.577924 -0.755656 0.308201
-0.762123 -0.425485 0.487987
0 2.77556e-17 1
0.695427 -0.543136 0.470516
-0.111256 -0.993664 0.0159042
-0.514129 0.508251 0.690907
-0.558451 0.782557 0.275204
-0.393735 -0.918912 0.0239451
-0.226652 -0.933627 0.277433
0.985206 0.171346 0.00300402
-0.449761 0.892726 0.0274803
-0.25139 0.62718 0.737189
-0.57283 -0.647455 0.50266
-0.323265 0.376254 0.868293
0.329614 -0.357531 0.8738
-0.108946 -0.69563 0.710092
-0.128533 0.84491 0.519236
-0.288479 0.0987007 0.952386
-0.380346 -0.587725 0.714084
0.551036 -0.446179 0.705183
0.139588 0.474956 0.868868
-0.856976 0.403521 0.320567
-0.405045 0.750821 0.521734
0.74669 0.663616 0.0454673
0.0599187 -0.282679 0.957341
0.321901 0.632899 0.704144
0.881961 -0.340889 0.325484
-0.17006 -0.459977 0.871493
0.221456 0.204311 0.953527
0.440708 0.763781 0.471609
0.803309 0.365732 0.470036
-0.296155 0.910323 0.289145
0.0792502 -0.968012 0.238058
-0.867816 0.494988 0.0433773
-0.443894 -0.328867 0.833549
-0.0614024 0.282361 0.957341
0.483943 0.103452 0.868963
-0.749915 0.0482606 0.659771
0.76061 -0.282278 0.58463
0.984548 -0.0765409 0.157501
0.276887 -0.0826521 0.957341
0.163053 0.84903 0.502555
