-0.77403 0.339237 0.534599
0.354227 0.654776 0.667676
-0.915869 0.277645 0.289997
-0.387351 0.566476 0.727368
-0.893832 0.445127 0.0540894
-0.786466 0.535923 0.307014
-0.177311 -0.907489 0.380822
0.323357 0.939408 0.113808
-0.0574671 -0.280511 0.958129
0.756053 0.599032 0.263712
0.360228 0.825651 0.434207
-0.5056 0.862456 0.0231967
0.269355 0.0971436 0.958129
0.881109 0.471541 0.0360086
0.582407 0.648767 0.4898
-0.376338 -0.592748 0.712053
0.358958 -0.877757 0.317321
-0.819289 -0.568633 0.0736357
0.332479 -0.942404 0.0364983
-0.202634 0.202308 0.958129
-0.151128 0.474701 0.867075
-0.238104 0.97123 0.00432361
-0.87059 0.0705009 0.486931
-0.386881 0.764197 0.516067
0.105465 -0.971204 0.213635
0.216517 -0.187374 0.958129
0.699467 0.0160895 0.714484
0.425996 -0.366575 0.827134
0.774293 -0.420157 0.473222
-0.611959 -0.572919 0.545225
0.921242 -0.287228 0.262324
0.0470315 0.997836 0.0459398
-0.728282 0.68226 0.0642338
0.155649 -0.45788 0.875282
0.561183 -0.533261 0.633014
-0.588526 0.747008 0.30922
-0.69623 0.0446136 0.716431
0.85061 0.146494 0.504978
0.0903167 -0.87018 0.484387
-0.272756 -0.0871387 0.958129
-0.465813 0.112849 0.877658
-0.804025 -0.481318 0.349108
0.317832 0.41374 0.853113
-0.629158 -0.777216 0.00971823
-0.609913 0.577442 0.54274
2.77556e-17 7.80626e-17 1
-0.696302 -0.314732 0.645064
0.120163 0.939817 0.319851
-0.971169 -0.0329856 0.236099
0.0678966 0.304727 0.950017
-0.573337 0.345326 0.742991
0.849403 -0.142869 0.508038
-0.416333 -0.88228 0.219655
0.5715 -0.80996 0.13173
0.911756 0.307429 0.272377
0.116771 0.800004 0.588522
0.559209 0.448397 0.697299
-0.161137 -0.98169 0.101582
-0.409655 -0.771443 0.486886
-0.872664 -0.214799 0.438541
0.591487 -0.700702 0.398948
0.361346 -0.737563 0.570465
0.511151 0.199075 0.836118
0.101296 0.596972 0.795841
0.665333 -0.270661 0.695755
0.98725 0.154414 0.0386483
0.477418 -0.0857621 0.874481
-0.34745 0.900162 0.262654
-0.113225 -0.552679 0.825667
0.112935 -0.692984 0.712053
-0.984739 0.171475 0.0297532
-0.638944 -0.711899 0.291462
-0.937416 -0.310739 0.15714
0.904869 -0.425601 0.00869624
-0.140786 0.712573 0.687327
0.787063 -0.573208 0.227958
-0.130198 0.881977 0.452951
0.959656 -0.00102721 0.281174
0.990537 -0.134689 0.0263744
0.554527 0.802275 0.221033
-0.532236 -0.164813 0.830398
-0.155933 -0.761146 0.629556
-0.323162 -0.359788 0.875282
0.761594 0.421549 0.49221
