0.354123 -0.692432 0.628598
-0.915806 0.0497608 0.398526
0.77628 0.5858 0.232868
0.278856 0.52287 0.80551
0.424998 0.279346 0.861013
0.959746 0.00454666 0.280833
-0.799241 0.538685 0.266519
-0.196542 0.652656 0.731718
0.085262 0.70984 0.699183
-0.420704 -0.239593 0.874988
0.0938821 -0.950361 0.296649
0.288106 -0.488878 0.823404
-0.64877 0.30859 0.695607
-0.220836 0.974873 0.0292251
0 -1.11022e-16 1
-0.143345 -0.248759 0.957899
-0.454045 0.520917 0.722833
-0.429866 -0.82952 0.356526
0.13345 0.874562 0.466189
0.780581 -0.564376 0.268651
-0.374249 -0.69938 0.608938
-0.340606 0.890586 0.301403
0.146026 -0.246303 0.958129
-0.170392 -0.860024 0.480963
0.0763363 0.99692 0.0179897
-0.286323 0.00283522 0.958129
0.985986 -0.160718 0.0447376
0.00341278 -0.484006 0.875058
-0.765143 -0.391508 0.511153
-0.657803 0.54595 0.518877
-0.956557 -0.288142 0.0444072
-0.137628 0.251093 0.958129
0.597295 0.790702 0.134272
0.551016 0.0184292 0.834291
-0.181995 -0.960639 0.209884
-0.103128 -0.696538 0.71007
-0.489519 0.870313 0.0541059
0.73767 -0.675144 0.00477369
0.903914 0.329213 0.273053
0.5903 -0.660119 0.46453
0.849261 -0.130815 0.511511
-0.427936 0.73343 0.528158
-0.941848 0.264905 0.206753
-0.887052 0.461667 0.00175596
0.909636 -0.301502 0.285762
0.350608 -0.852558 0.387581
-0.616735 -0.635517 0.464495
0.851095 0.158354 0.500561
0.106577 -0.823898 0.556626
0.318161 -0.941156 0.114012
0.595749 0.670136 0.44272
-0.662457 -0.723876 0.192753
-0.455197 -0.887302 0.0741049
-0.718635 0.694438 0.0363325
0.355812 0.71909 0.596915
0.151598 0.259535 0.953761
-0.548081 0.0214371 0.836151
0.354057 0.932752 0.0679465
-0.153878 0.841996 0.517073
0.66574 0.24952 0.703229
0.663716 -0.219887 0.714935
0.394392 0.852513 0.343041
-0.281707 -0.488592 0.825784
0.570601 -0.794226 0.208856
0.758746 -0.40567 0.509644
-0.0610755 0.960892 0.270105
0.899254 -0.436401 0.0299562
0.896284 0.443421 0.00727097
0.752298 0.432818 0.496706
-0.825868 0.316186 0.46687
-0.917214 -0.230168 0.325179
-0.411885 0.274662 0.868857
0.289374 0.00507848 0.957203
-0.831615 -0.49608 0.249641
0.543477 -0.481671 0.687478
-0.763202 0.047775 0.644392
-0.596351 0.747247 0.293237
-0.539083 -0.477256 0.693985
-0.00117507 0.491006 0.871156
0.536501 0.506866 0.674725
0.984358 0.170353 0.0449425
-0.99189 -0.012891 0.126445
-0.662262 -0.216442 0.71733
0.422899 -0.237931 0.874383
0.0504686 -0.998618 0.0146414
