-0.259816 0.111991 0.959142
0.546859 -0.782955 0.296524
0.930205 0.297293 0.215258
0.496344 -0.867729 0.026257
0.715952 -0.693347 0.0817443
0.90561 -0.254101 0.339563
0.64541 0.397517 0.652247
-0.716003 -0.657413 0.234835
0.749189 -0.374397 0.54639
0.234491 0.925156 0.298498
-0.592078 0.37753 0.71198
0.186808 0.447868 0.874366
0.99433 0.105515 0.013206
0.122329 0.680987 0.722006
-0.0464758 0.963764 0.262676
0.306115 -0.92322 0.23229
0.783367 0.467903 0.409149
-0.980021 -0.198819 0.00543842
0.0624547 -0.553502 0.830503
-0.918119 0.301568 0.257125
0.441059 0.322506 0.83753
0.331255 -0.619361 0.711801
-0.403196 0.59165 0.698128
0.981959 -0.173023 0.0762897
0.822985 0.550922 0.138494
0.40354 0.913559 0.050651
0.497583 0.813396 0.301328
-0.327065 0.913969 0.240184
0.128629 0.99095 0.0383666
0.536347 -0.421195 0.731387
0.327839 0.782565 0.529258
0.291182 -0.387792 0.874546
0.645275 0.761417 0.0621608
0.0952012 -0.763245 0.639057
-0.985871 0.040454 0.162547
-0.520271 0.134046 0.843415
-0.605633 -0.622124 0.496156
-0.934195 -0.211495 0.287316
-5.55112e-17 1.38778e-17 1
-0.714577 0.699095 0.0253923
-0.616079 0.602645 0.507214
-0.327711 0.374128 0.867545
-0.739003 0.138018 0.659413
-0.575381 0.774283 0.263483
-0.648715 -0.388135 0.654614
-0.898698 0.065702 0.433618
-0.78305 0.37075 0.499377
-0.39399 0.781161 0.484313
0.558326 -0.631064 0.538545
-0.224851 -0.171723 0.959142
0.831306 -0.0761434 0.550575
0.750684 -0.568513 0.33655
-0.362289 -0.768979 0.526704
0.576778 0.636787 0.511693
0.889775 -0.43961 0.12265
0.480391 0.0419976 0.876048
0.0730569 -0.914647 0.397597
-0.197667 -0.443341 0.874286
-0.447556 -0.305881 0.840316
-0.017364 -0.99039 0.137207
0.0330169 -0.295021 0.95492
-0.206665 -0.917893 0.338764
0.0531006 0.858958 0.509286
-0.16215 0.73886 0.654059
-0.0921634 0.53383 0.840554
-0.180573 0.98355 0.00478192
-0.488173 0.872713 0.00768012
-0.292413 -0.953839 0.0684481
-0.167103 -0.678783 0.715074
-0.81698 -0.183857 0.546571
0.958428 0.021394 0.284531
0.853415 0.200291 0.481213
-0.883166 0.468251 0.0275371
0.388579 0.576999 0.718386
-0.489593 -0.826668 0.277342
0.696687 0.121672 0.706981
-0.0295474 0.281378 0.959142
0.257691 -0.116798 0.959142
-0.426905 -0.559636 0.710324
-0.802593 -0.434103 0.409145
-0.640766 -0.111264 0.759631
-0.883586 -0.448277 0.135366
0.6428 -0.156541 0.749868
-0.775793 0.569105 0.272518
0.232855 0.167978 0.957895
0.335946 -0.80412 0.490439
