-0.692894 -0.072502 0.717385
-0.372169 0.927843 0.0244394
0.465205 -0.746525 0.475693
0.982177 0.187603 0.01157
0.951059 0.11722 0.285915
0.992232 -0.0851324 0.0907052
0.0275689 -0.977539 0.208943
-0.8476 -0.528899 0.0428991
0.109002 0.981561 0.157024
0.762739 0.637594 0.108181
-0.209292 -0.187923 0.959626
0.370458 0.926905 0.0600612
0.842449 0.0410432 0.53721
0.222861 0.781345 0.582952
-0.721295 -0.633453 0.280125
0.855344 -0.514757 0.0584211
0.457697 0.334169 0.823921
-0.247087 -0.931845 0.265729
0.679114 -0.667045 0.306359
0.0487384 -0.306612 0.950586
0.257378 -0.113467 0.959626
-0.0682898 0.537713 0.840358
-0.296693 0.373144 0.879054
0.473022 0.0558721 0.879277
-0.626244 -0.398946 0.669822
0.677667 -0.734741 0.0303814
0.379252 0.585332 0.716627
0.313534 0.888233 0.335765
0.675538 -0.0795702 0.73302
-0.962126 -0.267479 0.0526199
-0.184283 0.95412 0.235997
-0.359813 -0.606043 0.709399
-0.570704 -0.634627 0.5211
-0.520798 0.452929 0.723619
-0.499886 -0.809305 0.308448
-0.261786 0.102889 0.959626
-0.512044 0.192555 0.837098
-0.665285 -0.746159 0.0253528
-0.302396 0.634316 0.711477
0.920794 -0.162202 0.354723
-0.625241 0.779693 0.0339514
0.394359 -0.591646 0.703161
-0.998701 0.0142951 0.0489005
0 1.47451e-17 1
0.224969 0.168841 0.959626
-0.947135 0.31886 0.0355537
0.559788 0.796838 0.227348
0.838707 -0.433133 0.3301
0.0279467 0.907501 0.419118
-0.819517 0.572522 0.0247079
0.637624 -0.53482 0.554439
0.269375 -0.961127 0.0605897
-0.854248 0.441509 0.274463
0.7115 0.588871 0.383406
-0.260096 0.836043 0.483097
-0.302692 -0.803272 0.512964
0.195703 0.439104 0.876863
-0.944752 0.172181 0.278922
-0.147584 -0.490449 0.858882
-0.459702 0.842462 0.280948
0.312187 -0.378025 0.871571
0.483837 -0.849596 0.209972
-0.0503199 0.753145 0.655928
0.679855 0.20314 0.70465
-0.42889 -0.902006 0.0493837
0.118598 -0.576282 0.8086
-0.0986417 -0.716434 0.690646
-0.948152 -0.119135 0.294643
-0.815165 -0.24304 0.525773
-0.027809 -0.881847 0.470715
0.191055 -0.767785 0.611559
-0.704733 0.492516 0.510666
0.566437 -0.3414 0.750064
0.81581 0.318638 0.482622
0.622539 0.470033 0.625711
0.485501 0.722991 0.4915
-0.872232 -0.392947 0.29121
-0.719293 0.24527 0.64997
-0.857275 0.0377164 0.513475
-0.462148 -0.0834225 0.88287
0.250572 -0.896523 0.365322
0.895469 0.387673 0.218734
-0.0374359 0.280454 0.959137
-0.684724 0.669111 0.288866
-0.403662 -0.358447 0.841768
-0.502543 0.692043 0.518197
0.774349 -0.285915 0.564478
