0.324358 -0.431663 0.8417
-0.570817 -0.755147 0.322367
0.661703 -0.622562 0.417811
-2.77556e-17 -1.11022e-16 1
-0.280587 -0.0284617 0.959406
-0.112691 -0.257719 0.959626
0.129134 -0.990249 0.0522693
0.153597 -0.844299 0.513389
-0.0345352 0.955482 0.29302
0.543496 0.765105 0.345292
-0.0369842 0.491644 0.870011
0.0516554 0.841078 0.538441
0.402445 -0.915387 0.0102004
-0.538089 -0.0509119 0.841349
-0.483485 0.792274 0.372216
0.763652 0.107983 0.636534
-0.132646 -0.654649 0.744204
0.0462753 -0.478284 0.876985
-0.781248 0.342659 0.521763
-0.395498 -0.738989 0.545414
-0.981956 -0.189106 0.00134654
-0.969343 -0.0389346 0.242607
-0.765739 0.641677 0.0435271
-0.871106 0.0755629 0.485247
-0.130137 -0.839151 0.5281
-0.642484 0.58867 0.490594
0.289861 -0.916772 0.274792
-0.226006 0.848523 0.478466
-0.745382 -0.112652 0.657051
0.679328 -0.150809 0.718172
0.354735 0.750781 0.557218
-0.112743 0.993624 0.000727775
0.547226 -0.804267 0.231729
0.719777 -0.391774 0.573092
-0.383377 -0.286422 0.878057
0.905542 0.346559 0.244724
-0.776285 -0.562546 0.284471
0.504793 -0.555711 0.660583
0.374437 0.293102 0.879709
0.445551 -0.177153 0.877554
0.987754 0.10975 0.110892
0.961754 -0.146151 0.231668
-0.992098 0.124933 0.01157
-0.933695 0.24219 0.263737
0.855122 -0.154274 0.49494
0.103579 0.261514 0.959626
-0.132855 0.699745 0.701931
0.555312 0.0801833 0.827767
0.859465 -0.39405 0.325644
-0.391782 -0.538063 0.746321
0.158124 0.983663 0.0860505
0.605334 0.338488 0.720414
-0.302821 0.931275 0.202548
-0.624601 -0.571391 0.532341
0.929946 -0.364001 0.0520061
-0.18341 -0.979358 0.084964
0.202432 -0.659655 0.723793
-0.315496 0.488169 0.813728
0.169534 -0.224589 0.959593
0.609255 0.57503 0.546029
-0.81748 0.50065 0.284737
0.404272 0.538394 0.739389
-0.915688 -0.317967 0.245788
-0.320294 -0.892259 0.318256
-0.556082 0.825155 0.0994586
0.42611 0.89637 0.122271
-0.681985 0.158431 0.714
-0.875617 -0.482681 0.0177268
0.147832 0.660766 0.735889
0.278735 0.0377535 0.959626
0.424811 -0.764371 0.485049
0.663108 0.743279 0.0884556
0.912776 0.10528 0.39466
0.787004 0.35759 0.502746
-0.704929 -0.707465 0.0506862
0.846016 0.531827 0.0376485
-0.79366 -0.345154 0.500971
-0.448943 0.217718 0.866631
-0.00164569 -0.953358 0.301837
-0.569644 0.419346 0.706863
-0.403238 0.674733 0.61817
-0.477438 -0.874817 0.082142
-0.179488 0.237068 0.954768
-0.91608 0.400089 0.0269428
0.777336 -0.608763 0.158607
-0.605142 -0.353279 0.71344
0.248486 0.905537 0.343887
0.755634 0.580936 0.30254
