-0.0931417 -0.679428 0.727807
-0.273996 -0.48717 0.829211
0.761922 0.646895 0.0316678
0.903744 -0.317917 0.286662
0.362051 -0.825686 0.432622
-0.739297 -0.419377 0.526842
-0.145274 -0.239274 0.960023
0.994669 0.102357 0.0124826
0 5.55112e-17 1
0.671224 -0.186569 0.717391
-0.590766 -0.65383 0.472761
0.412593 0.875603 0.25117
0.121458 -0.799517 0.588235
-0.468081 -0.883655 0.00733956
-0.651728 -0.233904 0.721485
0.912673 0.40769 0.0285688
0.0585859 -0.995976 0.0678241
0.455006 0.547162 0.702555
-0.298159 -0.00147054 0.954515
-0.65347 0.266094 0.70864
-0.703003 0.490943 0.514551
0.201124 0.875747 0.438881
0.285404 -0.455202 0.843407
-0.692002 0.661422 0.289228
0.55139 0.834206 0.00831964
-0.145005 -0.849225 0.50773
-0.774095 -0.63298 0.0106147
-0.897847 -0.28805 0.333014
0.983533 -0.180181 0.0140301
-0.149923 0.239274 0.959308
-0.961393 0.180206 0.207963
0.0901944 -0.935294 0.342184
-0.497057 0.501655 0.708009
-0.17529 -0.953156 0.246511
0.810858 0.310691 0.495963
-0.278046 0.694063 0.664053
-0.249732 0.476796 0.842793
0.43699 -0.218293 0.872576
-0.835395 0.241976 0.493521
0.548205 0.0390122 0.835434
0.937453 0.238385 0.253682
0.85166 -0.144441 0.503797
0.893625 -0.447408 0.035496
-0.484453 0.844066 0.229909
0.576245 -0.776881 0.253767
0.821964 0.494954 0.281771
-0.791328 -0.544255 0.278543
0.732445 -0.679707 0.0390263
-0.0203735 0.62869 0.777389
0.295689 0.955263 0.00633928
0.356141 -0.659887 0.661598
-0.656492 0.753939 0.0243996
0.132747 0.246444 0.960023
-0.415081 -0.246576 0.875733
0.293589 0.0139205 0.955831
0.586729 -0.637378 0.499497
-0.984812 -0.0957391 0.144843
-0.913551 -0.0154369 0.40643
-0.354747 -0.697957 0.622101
-0.042867 0.820155 0.570533
-0.510356 0.697596 0.502888
0.226719 0.710095 0.666606
-0.400253 -0.837224 0.372631
0.539211 -0.436607 0.720156
-0.618069 -0.757272 0.211019
0.642592 0.713526 0.279206
0.756835 0.0790165 0.648812
-0.553323 0.00661347 0.832941
0.15547 -0.232778 0.960023
-0.421815 0.254124 0.870341
-0.524968 -0.485656 0.698961
0.450857 0.741374 0.497083
-0.922731 0.385207 0.0135606
0.314694 -0.933795 0.170277
-0.0442738 0.947099 0.317872
0.400236 0.276932 0.873567
0.76926 -0.566494 0.295506
0.74543 -0.405251 0.529251
0.661488 0.550405 0.5094
0.0187897 0.998878 0.0434706
-0.764253 0.0139002 0.644766
0.00588874 -0.466067 0.88473
0.626281 0.322293 0.709858
-0.249557 0.960405 0.123871
-0.915425 -0.395952 0.0722404
-0.286682 0.855252 0.431691
0.964502 -0.0429971 0.260551
-0.856196 0.431265 0.284497
0.216963 0.490239 0.844152
