0.927807 -0.369881 0.0486014
-0.719401 -0.693303 0.0423545
0.773367 0.569455 0.27861
-0.92045 0.382538 0.0802271
-0.277306 -0.0171025 0.96063
-5.55112e-17 2.77556e-17 1
0.277133 0.356015 0.892441
0.981911 -0.114274 0.150969
-0.223951 0.935097 0.274664
-0.833717 0.0913002 0.544592
-0.313721 -0.938318 0.145394
-0.533195 -0.0236911 0.84566
0.800705 -0.559821 0.213241
-0.988035 0.111469 0.10659
-0.328778 0.669135 0.666457
-0.33127 0.943408 0.0155227
-0.712158 -0.448322 0.54022
0.0134592 0.452018 0.891907
0.373979 -0.750978 0.544216
0.217233 0.600908 0.769233
-0.882238 -0.466067 0.0666143
-0.974664 -0.202615 0.0947446
-0.734979 -0.604126 0.307959
0.0473232 0.936887 0.346415
-0.29491 -0.699259 0.651202
0.371184 -0.383525 0.845654
-0.627577 -0.262686 0.732901
0.398105 0.707984 0.583328
0.242492 -0.614205 0.750966
0.446735 -0.116469 0.887053
-0.75558 0.377035 0.535671
-0.0588023 0.99668 0.0563197
-0.489613 -0.505972 0.710121
-0.781554 0.622678 0.0380209
-0.0337152 -0.663573 0.747351
-0.149516 0.234171 0.96063
-0.412591 0.801169 0.43347
-0.600618 0.610199 0.516638
0.991377 0.130317 0.0137596
-0.626681 0.732651 0.265507
0.665763 -0.0121126 0.746065
-0.120959 -0.250119 0.96063
-0.0569967 0.674491 0.736079
0.891848 -0.31772 0.321964
0.471737 0.484729 0.736547
-0.942626 -0.0525618 0.329688
-0.65367 0.201526 0.729454
-0.819143 -0.188913 0.541587
0.16742 -0.892893 0.417986
0.179576 -0.972373 0.149144
0.516179 -0.540863 0.664099
0.834595 0.0853236 0.544216
-0.390216 -0.262303 0.882569
0.320308 0.874446 0.364345
0.628765 -0.766265 0.132256
0.41808 -0.908314 0.0131989
-0.417838 0.231415 0.878555
-0.0821447 -0.840727 0.535191
0.0680384 -0.446004 0.892441
0.687362 0.29119 0.665388
-0.545939 -0.804884 0.232621
0.656226 0.535746 0.53136
0.731701 -0.458457 0.504411
0.566786 0.740354 0.361427
0.834352 0.342485 0.431928
0.264799 0.0840972 0.96063
-0.803044 0.516667 0.296943
0.475006 0.870287 0.130268
-0.239061 -0.49407 0.83591
-0.873569 -0.360844 0.326603
-0.263121 0.463727 0.846005
-0.517808 0.447051 0.729397
0.190034 -0.202677 0.96063
0.91868 0.366199 0.148073
0.498234 0.189568 0.846066
-0.333434 -0.848679 0.410567
0.611461 -0.287276 0.737284
0.134784 0.804806 0.578031
0.416586 -0.861637 0.289893
0.606339 -0.68699 0.400497
-0.0585255 -0.998282 0.002934
-0.0684567 -0.957446 0.280377
0.948311 0.126554 0.291018
-0.15036 0.836536 0.526877
0.212644 0.96948 0.122032
-0.540627 -0.679685 0.495733
0.806506 -0.193501 0.558665
-0.907332 0.25847 0.331576
0.813847 0.581079 0.00118018
-0.580119 0.814531 0.00118018
