-0.0627503 -0.48183 0.874015
0.876038 -0.234917 0.421154
-0.451834 -0.17328 0.875111
-0.676644 0.436109 0.593264
-0.27199 0.0502179 0.960989
0.937137 -0.348842 0.00918138
-0.455027 -0.598351 0.65949
-0.680179 -0.525485 0.511099
0.343456 -0.334812 0.877462
0.77938 0.621077 0.0826509
-0.612256 -0.773124 0.165597
-0.937962 -0.178608 0.297199
-0.806118 -0.276457 0.523207
-0.273215 0.717425 0.640823
0.341957 -0.935075 0.0932703
0.333189 0.942562 0.0237165
-0.12678 0.964094 0.233346
-0.0814356 0.264327 0.960989
-0.589791 -0.361799 0.721975
-1.11022e-16 5.55112e-17 1
-0.104561 -0.948626 0.298623
0.940589 0.172572 0.292424
0.528891 -0.129539 0.838745
-0.520802 -0.739031 0.427315
0.788402 -0.614353 0.0315031
0.856336 0.0271794 0.515703
-0.802593 -0.592402 0.0700259
0.41398 0.866167 0.279957
0.189541 -0.925764 0.327161
-0.749299 0.5599 0.353641
0.67986 -0.671883 0.293877
-0.767001 0.635932 0.0854462
-0.69474 -0.103138 0.711828
-0.0892007 0.865933 0.492141
-0.34676 0.308613 0.885729
0.083584 0.473408 0.876869
-0.38366 0.913396 0.13606
-0.188569 -0.216342 0.957934
-0.844858 -0.441924 0.301526
0.681455 0.0764934 0.727852
0.183328 0.823732 0.536522
0.284069 -0.0647953 0.956612
0.731248 -0.188664 0.655501
0.0144364 -0.847688 0.530299
0.650417 0.539132 0.535065
-0.996165 -0.0755042 0.0442083
-0.936251 -0.348323 0.0458756
0.352305 -0.584538 0.730888
-0.723854 0.171244 0.668364
0.792398 0.298604 0.531921
-0.85228 0.281069 0.441156
-0.979781 0.200067 0.00161265
0.286154 -0.785586 0.548607
0.853013 -0.456591 0.252771
0.817764 0.47854 0.319784
-0.206212 -0.977686 0.0400794
0.97461 -0.13182 0.180994
0.596348 0.342531 0.725976
-0.446901 0.517528 0.729688
-0.262812 -0.828292 0.494835
-0.00246489 0.705712 0.708495
0.533847 -0.6576 0.531572
0.926826 0.364747 0.0891788
0.0690615 -0.994021 0.0845746
-0.19146 -0.672183 0.715201
-0.900308 0.391928 0.189311
0.445365 0.728272 0.520835
0.0871511 -0.672275 0.735153
-0.588735 0.766652 0.256197
0.451863 -0.8298 0.327493
-0.960503 0.097399 0.260669
0.588211 -0.805959 0.0666181
-0.334171 -0.424382 0.841564
0.14652 0.946285 0.288231
-0.185659 0.529336 0.827849
0.351062 0.398552 0.847297
-0.522969 0.0953688 0.847
-0.353542 0.84331 0.404766
0.564288 -0.402936 0.720571
-0.541107 0.66665 0.512622
-0.373959 -0.893916 0.247121
0.455627 0.141467 0.878858
0.730466 -0.46116 0.503736
0.192156 0.198938 0.960989
0.0868838 -0.262587 0.960989
0.578265 0.813621 0.0602477
0.639317 0.703809 0.30972
0.0594209 0.997843 0.0278894
0.267312 0.635135 0.724671
-0.864532 -0.00408917 0.502562
0.99452 0.100819 0.0276791
