-0.52928 -0.517195 0.672586
0.486533 0.864476 0.12636
0 0 1
-0.82822 -0.16589 0.535286
-0.699318 0.0048876 0.714794
0.209246 -0.97743 0.0290878
0.164808 -0.686801 0.707914
-0.364663 -0.73778 0.568068
-0.972931 -0.222528 0.0623379
-0.841732 0.504358 0.192639
-0.948638 -0.0485526 0.312614
0.505741 -0.0178317 0.862501
0.247512 0.120751 0.961331
-0.248538 -0.957368 0.147222
-0.712226 -0.70189 0.00915271
0.690149 0.693295 0.207453
-0.476904 0.818209 0.321085
-0.685267 0.719637 0.111944
-0.263393 0.385459 0.884333
0.833162 0.552834 0.0146928
-0.78175 -0.569299 0.254492
-0.248528 0.118647 0.961331
-0.233746 0.937466 0.257915
0.808083 0.303794 0.504689
0.89213 -0.381731 0.24163
0.846732 0.455521 0.274855
0.485395 -0.292488 0.823919
-0.48918 0.460798 0.740519
-0.493228 -0.868496 0.0494116
0.695256 -0.718525 0.0184503
-0.687668 0.279142 0.670218
-0.483574 -0.072475 0.872298
-0.0183965 0.274781 0.961331
0.470453 -0.882007 0.0271567
-0.433788 -0.842344 0.319821
-0.228233 -0.158709 0.960584
-0.741342 -0.430225 0.515091
0.741443 -0.613512 0.271783
-0.246654 0.823321 0.511179
0.0901726 -0.868542 0.487344
-0.0277664 0.528719 0.848343
0.24392 -0.42119 0.873557
0.955125 -0.112789 0.273888
0.659692 -0.400393 0.635996
0.938767 0.163252 0.303423
-0.0260763 0.748194 0.662968
0.210911 0.6298 0.747575
0.587905 -0.63371 0.502773
0.848218 0.0279863 0.528907
-0.407629 -0.33889 0.847934
-0.100075 -0.751009 0.652664
0.350662 -0.777531 0.521998
-0.894699 -0.321359 0.31023
0.998719 0.0310839 0.0399259
0.4589 0.634634 0.621812
0.8376 -0.246786 0.487363
-0.0124151 -0.526457 0.850111
0.243847 0.92749 0.283373
-0.877983 -0.478591 0.00985064
0.415852 -0.567191 0.710888
0.700605 -0.133118 0.701022
0.280967 -0.914739 0.290362
0.223666 0.812563 0.538252
-0.936182 0.225875 0.269339
-0.475984 0.67504 0.563702
0.0131603 -0.970591 0.240375
-0.676823 0.632864 0.376023
-0.263762 0.623598 0.735904
-0.487807 0.204582 0.848641
0.256348 0.966549 0.00831578
-0.468136 0.882207 0.0505929
-0.946211 0.323423 0.00910388
-0.996777 0.0545239 0.0588499
-0.602772 -0.661351 0.446409
0.949998 0.305476 0.0647094
0.680698 0.143726 0.718326
0.614624 0.410165 0.673796
-0.803349 0.395164 0.445506
-0.642799 -0.267389 0.717853
0.46249 0.256535 0.848701
0.223831 0.392545 0.89208
-0.00285235 0.911735 0.410769
-0.179936 -0.887619 0.423975
0.676597 0.575708 0.459103
0.970058 -0.242867 0.00161194
-0.850883 0.119302 0.511629
-0.275638 -0.571818 0.772689
0.532829 -0.796971 0.284482
0.461495 0.794659 0.394384
0.0131515 0.989899 0.141165
0.277693 -0.155384 0.94802
0.0247096 -0.274285 0.961331
