-0.546027 0.553171 0.629172
0.468134 -0.0173604 0.883487
0.650691 -0.338807 0.679566
-0.179056 -0.937765 0.29755
-0.790686 -0.610836 0.0411736
-0.927955 -0.371159 0.0337885
-0.5059 -0.457701 0.731146
0.378561 0.723391 0.577405
-0.400572 0.86232 0.309751
-0.753673 0.450532 0.478537
-0.832803 0.189113 0.520265
0.835896 0.15811 0.525623
0.887499 0.4372 0.145606
0.941271 0.198186 0.273369
-0.0945554 0.729005 0.677947
0.313563 0.945912 0.083238
5.55112e-17 0 1
-0.327756 -0.942543 0.0647245
-0.28553 -0.624324 0.727112
-0.703103 0.0359669 0.710177
-0.173845 0.966123 0.190745
0.22377 -0.15752 0.961829
-0.016178 -0.294371 0.955554
-0.399086 0.916095 0.0387376
-0.784652 0.57671 0.227436
0.616722 0.602578 0.506512
0.821002 -0.335397 0.462023
0.0798065 0.950837 0.299233
-0.0520586 -0.997798 0.041106
0.975611 0.219509 4.02702e-05
0.439019 -0.290118 0.850349
-0.710492 -0.472896 0.521124
0.595804 -0.740166 0.311723
-0.994037 -0.102886 0.0361278
0.665977 0.109193 0.737937
0.173016 -0.842492 0.51017
-0.935197 -0.213969 0.282178
-0.0443866 -0.751864 0.657823
0.815122 0.408523 0.410713
0.23518 0.413419 0.879645
0.877446 -0.478671 0.0310166
0.713033 -0.698103 0.0650854
0.0952773 -0.957742 0.271389
0.0116086 0.273406 0.961829
-0.511652 -0.663071 0.546396
0.729047 0.634735 0.256129
-0.692669 -0.246122 0.677963
0.17221 0.645702 0.743917
-0.852415 -0.0903442 0.515001
-0.660906 -0.681346 0.314595
-0.593461 -0.801358 0.075031
-0.90066 0.434006 0.0212317
0.243983 0.123925 0.961829
0.047788 0.998438 0.0289525
-0.638813 0.304659 0.706471
0.239751 -0.970159 0.0361959
-0.950238 0.0609341 0.305506
-0.6171 0.775435 0.133748
-0.901619 0.331511 0.277818
0.452963 -0.531166 0.716022
-0.405595 0.329793 0.852484
-0.239684 -0.13205 0.961829
0.460776 0.256752 0.849567
-0.482243 0.0651776 0.873609
-0.439812 -0.84643 0.300204
-0.480583 -0.210223 0.851379
-0.232601 0.144161 0.961829
-0.0484891 0.520051 0.852758
0.358577 -0.881726 0.306564
-0.60088 0.693469 0.397547
-0.139775 0.88112 0.451764
0.924416 -0.0573702 0.377047
0.671148 0.368675 0.643148
0.450482 0.507689 0.734383
0.784867 -0.105297 0.610653
-0.837264 -0.47225 0.275623
-0.0461762 -0.54287 0.838546
-0.357812 0.748753 0.557978
-0.304668 0.570751 0.76251
0.494218 -0.866805 0.0663111
-0.277558 -0.807531 0.520438
0.206408 -0.437109 0.875404
-0.983463 0.17257 0.054955
-0.274882 -0.392825 0.87757
0.340399 0.873322 0.348479
0.993316 -0.0330985 0.110578
0.210617 -0.663863 0.717583
0.789035 -0.544577 0.284359
0.643461 -0.563164 0.518464
0.426117 -0.733395 0.529675
0.124752 0.830011 0.543617
0.544558 0.821377 0.169696
0.934861 -0.281689 0.216068
