0.466326 -0.65435 0.595286
0.843772 -0.0569735 0.53367
0.149769 0.717671 0.680087
0.9533 -0.295656 0.0616993
-0.486556 -0.212971 0.847294
0.299116 0.419774 0.856924
-0.435643 0.324423 0.839622
0.39929 0.607696 0.686493
0.016533 -0.903302 0.428686
0.29723 0.919165 0.258438
-0.242914 0.129077 0.961422
0.251245 -0.809276 0.530988
0.806866 -0.324322 0.493743
0.687417 -0.580988 0.435788
-0.265714 0.951272 0.156453
-0.609479 0.653924 0.448239
0.219812 -0.404908 0.887543
-0.411957 -0.907634 0.0805754
-0.178369 0.387857 0.904296
-0.927535 -0.373568 0.0112365
-0.83643 -0.167053 0.521995
-0.490008 0.0588401 0.86973
-0.65749 0.21915 0.720888
-0.79727 0.524641 0.298517
-0.374107 0.7463 0.550528
0.0785487 0.878356 0.47151
0.699895 0.0959445 0.707773
-0.247232 -0.143628 0.958252
0.337668 0.797876 0.499374
-0.456464 -0.683403 0.569738
-0.291598 0.586527 0.755617
-0.460266 0.833109 0.306731
0.836965 0.214042 0.503662
-0.53913 0.510891 0.669574
0.275243 -0.961269 0.0142559
0.464582 -0.29701 0.834235
0.998493 -0.0270303 0.047765
0.868265 0.496093 0.00261765
0.970706 0.240266 0.00110945
0.852125 -0.454967 0.258626
-0.236278 -0.64559 0.726214
-0.667959 0.725314 0.166587
-0.831249 0.555112 0.0296055
0.763188 0.469707 0.443756
-0.459149 -0.477787 0.748934
0.608041 0.433446 0.66514
-0.489227 0.871885 0.0217831
0.0488414 0.52784 0.847938
0.57333 0.661468 0.483479
0.500311 -0.0284027 0.86538
-0.00383244 0.973313 0.22945
-0.116516 0.760227 0.639124
0.0658226 0.278883 0.958067
-0.230351 -0.825738 0.514874
0.617248 -0.435251 0.655409
-0.162553 -0.986694 0.00347834
-0.898218 0.275148 0.342781
-0.690541 -0.0515967 0.721451
0.677446 -0.17581 0.714253
0.516162 -0.778315 0.357494
0.234328 -0.632646 0.738139
0.434309 0.900461 0.023372
-0.991697 -0.113186 0.0610434
-0.667461 -0.318996 0.672857
0.231661 -0.14285 0.962251
0.953164 0.0967013 0.286579
-0.635765 -0.760493 0.13211
-0.820227 -0.534647 0.203421
-0.652699 -0.653908 0.382607
0.902483 0.359988 0.2365
-0.201702 -0.941606 0.269619
-0.00758582 -0.273835 0.961747
-0.784849 -0.425241 0.450757
-0.746539 0.396809 0.534062
-0.00608895 -0.54879 0.835938
-0.945564 -0.0129431 0.32518
-5.55112e-17 2.94903e-17 1
0.0529381 -0.983906 0.170667
0.706445 -0.683501 0.183745
0.549082 0.797948 0.248571
0.289702 0.123337 0.949137
-0.440505 -0.830603 0.340667
-0.189726 0.891449 0.411489
0.174766 0.984327 0.0235916
-0.922666 -0.278394 0.266804
0.93596 -0.174845 0.305626
-0.233286 -0.405644 0.883759
0.291721 -0.913878 0.282358
0.504023 0.241908 0.829121
-0.831816 0.104685 0.545091
0.753718 0.620463 0.216644
0.00410109 -0.754138 0.656703
-0.981542 0.154417 0.11283
0.512322 -0.853486 0.0953278
