-0.78132 -0.554859 0.285782
0.996175 -0.0829484 0.0274825
-0.838155 -0.0575253 0.542391
0.288091 -0.95495 0.0712278
0.0154948 0.34035 0.940171
-0.646898 0.76063 0.0544427
-0.204246 0.178494 0.962509
-0.672639 -0.512709 0.53356
8.32667e-17 -5.55112e-17 1
0.116147 -0.951669 0.284315
-0.414565 0.909248 0.0374828
0.878358 0.404544 0.254618
0.933395 -0.316239 0.169606
0.219272 -0.159676 0.962509
0.219619 0.159197 0.962509
0.0590545 0.579008 0.81318
-0.921235 -0.341756 0.185818
-0.251295 -0.105936 0.962096
0.706359 -0.255549 0.660115
0.373512 -0.868242 0.326564
0.131327 0.991327 0.00499591
-0.0764179 -0.881521 0.46592
0.847661 -0.530098 0.0216325
-0.664782 -0.742004 0.0865669
-0.839751 -0.542655 0.0185392
0.611653 -0.715331 0.337909
-0.766673 0.1978 0.610809
0.47642 -0.507407 0.718026
0.515672 0.816679 0.259071
-0.440645 -0.884521 0.15315
0.800964 -0.523037 0.291358
-0.153216 0.988065 0.0158823
-0.150456 0.706571 0.691463
-0.790797 0.416813 0.448226
-0.662968 -0.0149651 0.748498
0.65079 0.758739 0.028055
0.421348 0.906863 0.00810941
0.10729 0.772661 0.625687
0.53365 -0.838988 0.106378
-0.196644 0.488302 0.850231
0.853629 -0.293176 0.430541
-0.25321 -0.606165 0.753956
0.681081 -0.498486 0.536322
-0.516341 0.80545 0.290934
-0.341414 -0.847839 0.405717
0.239779 -0.644976 0.725612
-0.828521 0.55979 0.0137157
0.55264 0.479191 0.681883
0.0167207 -0.516934 0.855862
0.269509 0.934046 0.234357
-0.485383 -0.195839 0.852086
-0.741084 0.616021 0.267044
0.433455 -0.000472704 0.901175
-0.838636 -0.313588 0.445367
-0.984603 0.128107 0.118933
-0.0316114 -0.269402 0.962509
-0.583551 -0.733762 0.34794
-0.456003 -0.67289 0.582478
-0.101397 0.872019 0.478854
-0.426718 0.340328 0.837908
0.493023 0.257436 0.831056
0.661648 -0.000721559 0.749814
0.330912 0.816126 0.473746
-0.00180815 0.969944 0.243323
-0.904173 0.376227 0.202298
-0.909937 0.167482 0.379426
-0.590282 0.637955 0.494551
0.562013 0.669708 0.485421
0.972661 0.163694 0.164729
0.951764 -0.0748444 0.297564
-0.275768 -0.368365 0.887839
-0.619251 0.422905 0.661573
0.184473 -0.827971 0.52956
-0.0179373 -0.728198 0.685132
0.0207922 -0.999283 0.031632
0.741935 0.463288 0.484662
0.49246 -0.258511 0.831056
-0.172352 -0.959768 0.221674
-0.403957 0.587385 0.701282
-0.491817 -0.453953 0.742996
-0.357246 0.780569 0.51292
0.870711 0.208344 0.445482
0.706914 0.254008 0.660115
0.832223 0.55365 0.0296265
0.726398 0.63216 0.269667
-0.951244 -0.0897415 0.295095
0.269462 -0.412535 0.870176
0.323549 0.626741 0.70888
-0.687673 -0.276522 0.671298
0.270361 0.411946 0.870176
-0.270471 0.924134 0.269856
0.433987 -0.716409 0.546273
-0.991167 -0.129805 0.0271718
0.837508 -0.0447508 0.54459
-0.446651 0.0725879 0.891759
