-0.742944 0.603319 0.289896
-0.996474 -0.0275582 0.0792409
0.104548 0.936355 0.335124
0.610562 0.281666 0.740188
-0.486053 -0.821031 0.299435
0.362156 0.855801 0.36939
-0.95262 -0.297023 0.0655203
-0.837362 -0.543404 0.0594706
-0.944474 0.103803 0.31176
-0.659025 -0.747858 0.0799638
0.756021 -0.352254 0.551679
-0.230248 0.973094 0.00857808
0.259464 -0.965106 0.0353277
0.281933 -0.435603 0.854847
0.985705 0.16848 0.000653235
0.89897 0.432858 0.0669851
0.236689 -0.923074 0.30317
-0.0860728 0.853476 0.513976
-0.811369 -0.228631 0.537966
0.659889 -0.69764 0.279007
-0.526272 0.0146916 0.850189
0 -4.85723e-17 1
-0.638249 0.248259 0.728702
-0.159337 0.949531 0.270191
0.00471455 0.472122 0.881521
-0.0542571 -0.782801 0.619902
0.287568 0.0158833 0.957628
-0.255739 -0.45148 0.854847
-0.735391 -0.00782527 0.677598
-0.140788 -0.229856 0.962987
0.00358969 -0.992311 0.12372
-0.150132 0.246351 0.957482
-0.690456 -0.643992 0.329461
0.135375 -0.641843 0.754793
-0.289336 -0.664519 0.688984
-0.864281 0.498074 0.0702919
-0.409087 0.258983 0.874972
-0.0642554 0.684544 0.726134
0.451452 -0.780065 0.433232
0.447492 0.690679 0.568079
-0.40216 -0.224517 0.887614
0.177469 0.807075 0.563147
-0.327108 0.680166 0.65603
-0.48403 0.875015 0.00798851
-0.821385 0.205395 0.532109
-0.515839 0.489859 0.702814
-0.699593 0.713137 0.0447724
0.646235 0.497816 0.578411
0.540483 0.824764 0.166261
0.154105 -0.221149 0.962987
-0.875589 0.367003 0.314091
0.0312416 0.9963 0.0800599
-0.344776 0.833414 0.431914
0.657453 -0.753388 0.0127157
0.121823 0.240446 0.962987
-0.26291 0.484799 0.834175
0.636195 0.675557 0.372663
0.425383 -0.205932 0.881273
0.197892 0.61977 0.759424
0.61891 -0.585561 0.523515
0.807016 0.287432 0.515856
0.945591 -0.307547 0.106174
0.437669 0.491353 0.753006
0.817447 -0.479493 0.319166
-0.242038 -0.942688 0.22969
-0.279575 -0.833735 0.476156
0.535276 0.0401144 0.843724
0.470118 -0.864994 0.175426
-0.510225 -0.676844 0.530614
0.206962 -0.809923 0.548809
0.38213 0.260886 0.886518
-0.435732 -0.899016 0.0436787
0.527297 -0.420681 0.738232
-0.491349 -0.485489 0.723103
0.982471 -0.0329913 0.183475
0.750017 0.0628221 0.658428
0.295592 0.947489 0.122028
-0.965923 0.245914 0.0807422
0.816832 0.478422 0.322333
-0.276972 0.00567405 0.960861
0.390291 -0.642237 0.6597
-0.0218094 -0.92139 0.388028
0.935381 0.242225 0.257663
-0.550047 0.668538 0.500505
-0.550844 0.793467 0.258809
0.904439 -0.225324 0.362242
0.747204 0.652672 0.12532
-0.627469 -0.25034 0.737301
0.653484 -0.179655 0.735311
-0.937521 -0.16809 0.30463
0.90052 0.0373032 0.433211
0.0131098 -0.443973 0.895944
-0.72159 0.458169 0.519026
-0.693985 -0.47405 0.541905
-0.851749 -0.426292 0.304629
0.833025 -0.550299 0.0569281
