-0.116428 -0.45898 0.880785
0.861377 0.407496 0.303277
-0.917013 -0.250015 0.310771
0.901754 -0.317688 0.293111
-0.868061 0.051847 0.493743
-0.704961 0.0380382 0.708226
-0.186887 0.712297 0.67654
-0.57179 0.814917 0.0946899
-0.168519 -0.207538 0.963602
0.571121 0.77135 0.280784
-0.141148 0.967538 0.209638
0.433839 0.104348 0.894928
0.578638 -0.753483 0.312156
0.567044 -0.395682 0.722425
-0.578719 0.353933 0.734722
0.398044 -0.760877 0.512472
0.333271 -0.367211 0.868381
0.609474 0.25105 0.752008
0.0696215 0.663771 0.744688
0.764481 -0.558162 0.322528
-0.986775 0.160008 0.025941
0.21526 -0.974518 0.0630763
-0.255356 0.079145 0.963602
0.604095 -0.588485 0.537358
0.34979 -0.893257 0.28238
0.777718 0.08422 0.622945
0.0868016 -0.946658 0.310328
0.129153 0.44264 0.88735
0.187555 0.190509 0.963602
-0.37362 -0.38665 0.843155
-0.7855 0.49315 0.373889
-0.322867 0.329881 0.887094
-0.907869 0.407115 0.100153
-0.605567 0.717579 0.344049
0.165552 -0.743226 0.648234
0.617599 0.786342 0.0154343
-0.183122 0.87005 0.45769
0.967626 0.210385 0.139422
-0.624308 -0.215895 0.750752
-0.807644 -0.20431 0.553144
0.389224 0.918307 0.0722249
0.0677915 0.924602 0.374854
-0.0529023 -0.995007 0.0846277
0.970025 -0.238944 0.0442458
-0.39268 0.87349 0.287781
0.904381 0.157954 0.396417
-0.606236 0.560885 0.563815
0.869765 -0.486128 0.0847845
0.127968 0.984639 0.118788
-0.389905 0.546623 0.741065
-0.766084 -0.64262 0.0124484
-0.567032 -0.822754 0.0393817
0.0866209 -0.295895 0.951285
0.483692 -0.873868 0.0489499
-0.341168 0.939499 0.0307496
0.215567 0.798495 0.562082
-0.128446 0.512978 0.848737
-0.317392 -0.946182 0.0632623
-0.750732 -0.456862 0.477156
-0.549165 -0.671075 0.498072
5.55112e-17 -2.77556e-17 1
0.972132 -0.0436003 0.230342
0.874397 -0.116663 0.470977
0.694243 0.58001 0.426162
0.253673 -0.0843836 0.963602
-0.929171 -0.369639 0.00304222
-0.189619 -0.932112 0.308566
0.331438 0.600954 0.727326
-0.312953 -0.800853 0.510582
-0.96886 0.00709345 0.247507
-0.909565 0.258529 0.325352
0.498292 -0.154297 0.853169
-0.498648 0.127361 0.857397
0.698184 -0.7121 0.0738462
-0.0481072 -0.850736 0.523386
0.708702 -0.169136 0.684934
0.133955 -0.544514 0.827986
0.331076 0.882785 0.333285
-0.410392 0.743091 0.528578
-0.0839381 -0.67954 0.728821
-0.839811 -0.493967 0.225197
-0.568579 -0.469025 0.675821
0.765348 0.620994 0.169141
-0.345637 -0.617922 0.706192
-0.0689271 0.274133 0.959218
-0.667329 -0.698969 0.257127
0.571098 0.498695 0.652035
0.376361 -0.586491 0.717203
-0.774732 0.296599 0.558407
0.897425 0.440804 0.0178717
-0.762854 0.630599 0.142825
0.767561 -0.374526 0.520173
0.384606 0.365404 0.847678
0.468197 0.712175 0.523066
-0.41782 -0.126558 0.899672
-0.445205 -0.850303 0.280671
0.764196 0.342606 0.546466
