0.0287171 0.806586 0.590419
-0.685771 0.143682 0.713494
0.775566 0.212602 0.594389
0.621001 0.416198 0.664182
0.31942 0.932411 0.169059
-0.883983 -0.183354 0.430064
-0.744525 -0.108815 0.658667
-0.842517 -0.425634 0.330152
0.892234 0.268438 0.363124
0.856509 0.475737 0.200165
0.452808 0.813581 0.364762
0.562127 -0.753571 0.340798
0.293372 -0.562663 0.77288
-0.639446 0.572034 0.513699
-0.0755578 0.92329 0.376598
0.424289 -0.0714888 0.902701
0.670911 0.680704 0.294143
-0.269545 0.811566 0.518369
0.776915 -0.0502824 0.627595
-0.262487 -0.00899331 0.964894
-0.419892 0.635797 0.647651
-0.162419 0.675701 0.719061
0.222289 -0.759905 0.610845
-0.123695 -0.989108 0.0797779
-0.671357 -0.586302 0.453353
-0.570684 -0.814251 0.106374
0.851633 -0.410439 0.325977
-0.459425 -0.660196 0.594196
-0.503322 -0.050802 0.862605
-0.39982 -0.481112 0.780176
0.469113 -0.670544 0.574721
0.892678 -0.165783 0.419098
-0.96942 0.230459 0.0843452
-0.347768 0.937537 0.00906382
-0.34012 -0.255184 0.905097
0.232437 0.418233 0.878097
-0.147851 -0.48469 0.8621
0.369983 -0.899719 0.231556
0.961992 0.250768 0.108106
-0.21692 -0.681617 0.698816
0.107137 -0.423198 0.899681
-0.112988 0.986089 0.121907
-0.959256 0.0228233 0.281614
0.16254 -0.903587 0.396373
0.403789 0.5538 0.728189
-0.705061 0.655373 0.270879
-0.955032 -0.235485 0.18017
0.684536 -0.557252 0.469979
0.75206 -0.625558 0.207565
0.190876 -0.180406 0.964894
0.559649 0.636635 0.530556
-0.742863 -0.637778 0.203454
-0.852445 0.0863922 0.515629
-0.318039 0.908589 0.270771
0.133106 -0.980508 0.144522
0.553725 0.825923 0.106018
-0.332723 -0.915748 0.225167
0.553358 -0.452418 0.699366
-0.865388 0.47354 0.1639
-0.512865 -0.778207 0.362441
-0.548077 0.824517 0.140653
0.750142 0.659932 0.042144
-0.0322323 -0.821132 0.569827
0.749953 -0.32377 0.576839
0.12302 0.992403 0.00160516
0.275896 0.142765 0.950526
-0.0937614 -0.936551 0.337759
-0.225202 0.252265 0.941088
-0.302766 0.47741 0.824872
0.609925 -0.202325 0.766196
0.462287 0.292987 0.836929
-0.900608 0.275385 0.336256
0.572829 -0.815425 0.0833647
0.610264 0.0786289 0.788287
0.962834 -0.212682 0.166488
0.891728 -0.447628 0.0667049
0.0410052 -0.643021 0.76475
-0.472692 0.212296 0.855274
0.187533 0.898721 0.396399
0.0385954 0.259789 0.964894
-0.501948 0.76736 0.399006
0.310828 0.752903 0.580105
-0.740669 -0.357972 0.568564
-0.577827 -0.285449 0.764614
-0.999371 -0.0258714 0.0242583
0.999965 -0.00801175 0.0023412
-0.283629 -0.826503 0.486259
-0.884247 -0.462669 0.0635966
-0.558421 0.420261 0.715225
0.149004 0.637876 0.755587
-0.729634 0.683784 0.00857849
-0.0820411 -0.249498 0.964894
0.383862 -0.330231 0.862321
0.964593 0.0346873 0.261452
-0.0419489 0.493253 0.868874
-0.761272 0.339896 0.55221
5.55112e-17 2.77556e-17 1
0.755766 0.480221 0.445202
