0.684197 0.0979826 0.722685
0.241013 0.917612 0.316071
-4.16334e-17 0 1
-0.819948 0.0574387 0.569549
-0.570753 -0.669382 0.475572
0.0858752 -0.247938 0.964962
-0.350547 -0.874868 0.33425
0.950329 0.301565 0.0770287
0.807563 0.241354 0.538136
0.153453 0.985355 0.0743418
-0.0846255 0.269725 0.959212
0.681937 0.473004 0.557879
0.627071 0.768237 0.128819
-0.797278 0.473638 0.374186
0.862076 -0.0152849 0.506548
0.0411529 0.675516 0.736196
0.683359 0.639329 0.352533
-0.0199523 0.954635 0.297109
-0.109716 0.992629 0.0514833
0.974684 -0.218853 0.0457648
-0.604996 0.792756 0.074289
0.75838 -0.55764 0.337487
-0.87838 -0.466703 0.103136
-0.488826 -0.535869 0.688399
0.259757 -0.0489452 0.964433
0.495862 0.660555 0.563727
-0.366081 0.92977 0.0388795
0.159389 -0.480193 0.86256
0.523334 -0.841362 0.135021
-0.980592 0.065232 0.184888
-0.447167 -0.132693 0.884553
0.340647 -0.290513 0.894182
-0.657839 -0.0441236 0.751865
0.565909 -0.735154 0.373224
0.568603 0.333825 0.751832
0.432384 0.137247 0.891183
-0.243281 -0.599549 0.762466
-0.336922 -0.75132 0.567452
-0.253783 0.0667817 0.964953
-0.699785 -0.452164 0.553036
-0.732015 -0.679619 0.0476599
0.555686 -0.352061 0.753171
-0.355425 -0.378694 0.854555
-0.859769 -0.358393 0.363801
0.403962 0.90835 0.108236
0.998253 0.0445042 0.0388673
-0.201147 -0.192145 0.960531
-0.446091 0.732516 0.51422
0.33328 0.380548 0.862617
0.00877681 0.844443 0.535574
0.932953 0.180678 0.311374
-0.577514 -0.781424 0.236335
-0.752815 0.312849 0.579133
0.893463 -0.332569 0.301864
-0.963448 -0.221165 0.151174
0.347873 -0.877834 0.329228
-0.596737 -0.301096 0.743805
-0.619372 0.540726 0.569205
-0.898242 0.229427 0.374866
0.382895 -0.551632 0.741008
-0.164398 0.536652 0.827634
-0.0822952 -0.766955 0.636403
-0.0968913 -0.427051 0.899022
-0.918861 -0.099939 0.381715
-0.232309 0.871975 0.430919
0.523775 -0.106402 0.845185
-0.166666 -0.97207 0.165237
0.835956 0.423611 0.348901
0.83505 0.538842 0.11109
0.728233 -0.677413 0.103866
-0.749845 -0.590769 0.297866
0.479397 0.807162 0.344482
-0.912578 0.377723 0.15661
0.293133 -0.953524 0.0697521
0.161803 -0.691558 0.703965
0.0410049 -0.999151 0.00407385
-0.328418 0.336832 0.882432
0.58869 -0.567194 0.575965
-0.642148 0.685349 0.343427
-0.783242 0.607072 0.134147
0.170106 0.199642 0.964991
-0.489778 0.127176 0.862522
0.882317 -0.464898 0.0733949
0.959799 -0.0788404 0.26939
0.267676 0.792845 0.547491
0.719532 -0.159683 0.675852
-0.556399 0.356974 0.750326
0.10728 -0.960307 0.257491
0.296965 0.60924 0.735281
-0.0999075 -0.905626 0.412141
0.762608 -0.374189 0.527647
-0.785275 -0.204107 0.584537
0.0822475 0.460306 0.883942
-0.402271 0.569057 0.717183
0.145165 -0.855366 0.497269
-0.203305 0.730342 0.652125
-0.408373 -0.909415 0.0787193
-0.446598 0.850525 0.277774
0.375798 -0.740862 0.556686
